NumRep	MapSeed	InitStratSeed	BikeProfit	TransportCosts	TotalProfit	FinalHeuristic	TotalDistance	ExecutionTime	NodesExpanded
0	410179656	1098110846	39.000000	-42.100000	-3.100000	-39.000000	30.800000	12.164406	7
1	410179656	2024743620	74.000000	-41.700000	32.300000	-74.000000	30.300000	19.212803	10
2	410179656	1410568671	49.000000	-62.200000	-13.200000	-49.000000	33.600000	11.963766	8
3	410179656	861785539	51.000000	-41.800000	9.200000	-51.000000	34.600000	13.325739	9
4	410179656	299330568	56.000000	-49.800000	6.200000	-56.000000	29.800000	9.502120	6
5	410179656	803677589	61.000000	-50.000000	11.000000	-61.000000	33.200000	21.195186	9
6	410179656	1376913905	67.000000	-47.200000	19.800000	-67.000000	33.600000	22.648588	10
7	410179656	454851364	57.000000	-25.100000	31.900000	-57.000000	22.200000	10.389060	5
8	410179656	1937886346	62.000000	-38.100000	23.900000	-62.000000	27.900000	13.556592	7
9	410179656	549085258	54.000000	-47.000000	7.000000	-54.000000	35.300000	15.723132	9
10	410179656	1067534530	68.000000	-39.600000	28.400000	-68.000000	24.800000	15.930217	10
11	410179656	1439899246	66.000000	-11.600000	54.400000	-66.000000	7.300000	13.365261	7
12	410179656	952212176	33.000000	-42.600000	-9.600000	-33.000000	42.600000	9.705723	8
13	410179656	781747282	60.000000	-47.100000	12.900000	-60.000000	28.200000	23.139440	10
14	410179656	126660035	72.000000	-39.000000	33.000000	-72.000000	23.200000	19.376720	11
15	410179656	23179259	54.000000	-29.700000	24.300000	-54.000000	22.900000	17.029582	10
16	410179656	706033054	46.000000	-41.900000	4.100000	-46.000000	30.400000	13.073878	9
17	410179656	1370104755	76.000000	-41.800000	34.200000	-76.000000	25.900000	16.053960	8
18	410179656	553365228	59.000000	-48.700000	10.300000	-59.000000	33.900000	14.462879	8
19	410179656	1074924385	63.000000	-46.300000	16.700000	-63.000000	32.800000	18.638649	8
20	410179656	1376478834	50.000000	-47.800000	2.200000	-50.000000	34.500000	10.889037	7
21	410179656	1958494351	48.000000	-52.000000	-4.000000	-48.000000	38.700000	13.783543	10
22	410179656	11016804	69.000000	-29.600000	39.400000	-69.000000	20.800000	17.041163	8
23	410179656	1046819675	64.000000	-26.700000	37.300000	-64.000000	21.700000	13.821867	6
24	410179656	454325862	66.000000	-58.900000	7.100000	-66.000000	38.900000	18.425343	11
25	410179656	1389790398	46.000000	-34.300000	11.700000	-46.000000	28.200000	12.831775	8
26	410179656	295911300	51.000000	-37.800000	13.200000	-51.000000	27.000000	15.549787	10
27	410179656	1737341933	69.000000	-37.700000	31.300000	-69.000000	28.400000	15.647643	8
28	410179656	1441311714	62.000000	-34.000000	28.000000	-62.000000	22.700000	17.210995	8
29	410179656	271130570	47.000000	-77.500000	-30.500000	-47.000000	40.500000	11.978423	7
30	410179656	1906245796	31.000000	-46.300000	-15.300000	-31.000000	37.000000	6.867799	7
31	410179656	1913937603	46.000000	-41.500000	4.500000	-46.000000	30.200000	10.119543	7
32	410179656	248065820	58.000000	-30.400000	27.600000	-58.000000	27.500000	15.458427	7
33	410179656	849301445	58.000000	-28.600000	29.400000	-58.000000	21.900000	16.975875	7
34	410179656	1448070017	64.000000	-43.000000	21.000000	-64.000000	29.600000	17.214854	9
35	410179656	1086567872	35.000000	-27.500000	7.500000	-35.000000	26.800000	9.672446	8
36	410179656	998266839	45.000000	-44.200000	0.800000	-45.000000	36.400000	13.372175	7
37	410179656	2063830915	32.000000	-49.200000	-17.200000	-32.000000	39.900000	10.180938	8
38	410179656	1058831173	50.000000	-20.400000	29.600000	-50.000000	14.400000	11.229494	5
39	410179656	446176946	58.000000	-38.600000	19.400000	-58.000000	26.300000	13.666013	7
40	410179656	1134977727	64.000000	-57.600000	6.400000	-64.000000	36.900000	20.899787	10
41	410179656	1883401809	55.000000	-31.300000	23.700000	-55.000000	29.100000	19.543264	13
42	410179656	1743855941	60.000000	-45.900000	14.100000	-60.000000	29.200000	13.672629	8
43	410179656	1997587900	69.000000	-53.400000	15.600000	-69.000000	28.800000	17.049137	10
44	410179656	810520113	33.000000	-41.900000	-8.900000	-33.000000	32.200000	8.711205	7
45	410179656	855182989	71.000000	-48.900000	22.100000	-71.000000	26.600000	16.123311	9
46	410179656	1470740115	65.000000	-44.100000	20.900000	-65.000000	28.700000	18.662611	11
47	410179656	182376925	56.000000	-28.700000	27.300000	-56.000000	22.700000	13.379148	10
48	410179656	1877516338	57.000000	-28.700000	28.300000	-57.000000	18.100000	11.491969	7
49	410179656	1746685396	44.000000	-49.300000	-5.300000	-44.000000	35.700000	9.118681	8
0	1579791630	1120027928	66.000000	-52.700000	13.300000	-66.000000	29.500000	15.607947	9
1	1579791630	2125605093	66.000000	-77.300000	-11.300000	-66.000000	44.400000	18.887217	10
2	1579791630	1377962606	68.000000	-37.600000	30.400000	-68.000000	19.600000	13.398720	4
3	1579791630	1263463737	60.000000	-55.300000	4.700000	-60.000000	31.400000	31.833077	9
4	1579791630	82981292	70.000000	-44.900000	25.100000	-70.000000	25.200000	21.452920	6
5	1579791630	1518263063	79.000000	-68.300000	10.700000	-79.000000	33.600000	23.763687	9
6	1579791630	2004727085	63.000000	-49.500000	13.500000	-63.000000	27.700000	16.028258	7
7	1579791630	902737490	50.000000	-24.700000	25.300000	-50.000000	19.000000	8.795104	5
8	1579791630	601652415	67.000000	-39.400000	27.600000	-67.000000	24.100000	15.990109	8
9	1579791630	1436115107	50.000000	-25.000000	25.000000	-50.000000	16.900000	6.084280	4
10	1579791630	604267387	64.000000	-44.900000	19.100000	-64.000000	26.300000	14.148084	9
11	1579791630	805308258	90.000000	-62.800000	27.200000	-90.000000	29.200000	30.355759	11
12	1579791630	367023169	13.000000	-12.100000	0.900000	-13.000000	15.400000	2.655214	3
13	1579791630	1967340004	33.000000	-22.700000	10.300000	-33.000000	18.000000	6.486709	5
14	1579791630	1202997132	49.000000	-45.800000	3.200000	-49.000000	25.800000	13.020577	8
15	1579791630	812308611	66.000000	-39.300000	26.700000	-66.000000	22.400000	13.855423	7
16	1579791630	880249541	74.000000	-28.500000	45.500000	-74.000000	14.600000	14.761458	8
17	1579791630	1323085661	57.000000	-41.900000	15.100000	-57.000000	24.900000	13.052708	7
18	1579791630	1757109611	65.000000	-60.700000	4.300000	-65.000000	30.800000	14.245574	7
19	1579791630	1087377234	70.000000	-77.000000	-7.000000	-70.000000	41.900000	16.152613	7
20	1579791630	1472891741	27.000000	-29.100000	-2.100000	-27.000000	22.800000	8.171273	5
21	1579791630	1460934143	49.000000	-56.100000	-7.100000	-49.000000	34.500000	17.495352	7
22	1579791630	1854886275	38.000000	-49.900000	-11.900000	-38.000000	29.700000	12.470956	6
23	1579791630	1912602680	16.000000	-12.100000	3.900000	-16.000000	14.100000	4.718390	3
24	1579791630	823620621	54.000000	-52.500000	1.500000	-54.000000	30.400000	18.966616	6
25	1579791630	893419058	70.000000	-71.700000	-1.700000	-70.000000	37.300000	28.953493	10
26	1579791630	1424167126	79.000000	-59.400000	19.600000	-79.000000	29.100000	16.764208	7
27	1579791630	304785412	92.000000	-72.500000	19.500000	-92.000000	37.700000	19.584299	9
28	1579791630	740907472	51.000000	-40.500000	10.500000	-51.000000	22.700000	10.764997	6
29	1579791630	502056826	42.000000	-44.900000	-2.900000	-42.000000	26.800000	7.550601	5
30	1579791630	898039583	77.000000	-74.200000	2.800000	-77.000000	35.300000	25.580796	12
31	1579791630	872338605	62.000000	-44.700000	17.300000	-62.000000	25.700000	13.345772	6
32	1579791630	180138892	50.000000	-30.700000	19.300000	-50.000000	19.500000	9.091490	6
33	1579791630	859315785	65.000000	-39.100000	25.900000	-65.000000	23.900000	9.610554	5
34	1579791630	216061665	89.000000	-71.200000	17.800000	-89.000000	29.300000	21.979607	11
35	1579791630	713897663	31.000000	-31.300000	-0.300000	-31.000000	25.900000	5.772186	5
36	1579791630	189656391	79.000000	-63.600000	15.400000	-79.000000	33.100000	19.495208	9
37	1579791630	961601980	55.000000	-45.500000	9.500000	-55.000000	28.900000	10.541562	6
38	1579791630	88617119	52.000000	-52.100000	-0.100000	-52.000000	31.100000	12.157443	7
39	1579791630	1199856323	54.000000	-57.200000	-3.200000	-54.000000	34.100000	13.592923	8
40	1579791630	1064248161	48.000000	-38.700000	9.300000	-48.000000	26.900000	10.501619	7
41	1579791630	284094486	34.000000	-28.600000	5.400000	-34.000000	20.300000	4.776915	4
42	1579791630	1916055932	51.000000	-44.500000	6.500000	-51.000000	22.100000	10.686180	7
43	1579791630	1727695426	24.000000	-28.000000	-4.000000	-24.000000	25.900000	5.618969	5
44	1579791630	1013057011	55.000000	-53.800000	1.200000	-55.000000	28.300000	14.888049	10
45	1579791630	1632787527	39.000000	-54.400000	-15.400000	-39.000000	36.300000	8.072957	7
46	1579791630	1959453501	44.000000	-45.800000	-1.800000	-44.000000	27.500000	10.960728	8
47	1579791630	630887707	54.000000	-16.000000	38.000000	-54.000000	11.100000	12.844194	7
48	1579791630	189981720	52.000000	-39.700000	12.300000	-52.000000	24.700000	11.390308	6
49	1579791630	652970920	76.000000	-33.200000	42.800000	-76.000000	19.800000	13.572436	6
0	133477094	21494035	50.000000	-56.400000	-6.400000	-50.000000	27.600000	10.628808	6
1	133477094	1966173212	68.000000	-68.400000	-0.400000	-68.000000	38.600000	18.962040	10
2	133477094	979811929	56.000000	-71.300000	-15.300000	-56.000000	32.400000	9.088852	6
3	133477094	321125177	62.000000	-53.200000	8.800000	-62.000000	28.200000	11.877423	7
4	133477094	1995693175	48.000000	-72.700000	-24.700000	-48.000000	35.800000	10.959420	8
5	133477094	1241180294	14.000000	-22.000000	-8.000000	-14.000000	16.300000	4.239141	5
6	133477094	1238281279	51.000000	-66.500000	-15.500000	-51.000000	38.000000	15.155061	9
7	133477094	884967052	55.000000	-66.700000	-11.700000	-55.000000	37.500000	12.188558	7
8	133477094	5007608	42.000000	-40.800000	1.200000	-42.000000	27.100000	9.361920	7
9	133477094	1967653190	44.000000	-52.200000	-8.200000	-44.000000	29.000000	7.697577	5
10	133477094	1665704734	71.000000	-81.900000	-10.900000	-71.000000	35.700000	20.057592	10
11	133477094	104261209	37.000000	-36.700000	0.300000	-37.000000	19.500000	9.747371	7
12	133477094	1744268715	70.000000	-88.300000	-18.300000	-70.000000	38.900000	20.800425	11
13	133477094	279973080	22.000000	-38.600000	-16.600000	-22.000000	30.400000	5.969329	6
14	133477094	2012692140	47.000000	-39.500000	7.500000	-47.000000	21.900000	7.070824	5
15	133477094	607284460	49.000000	-61.700000	-12.700000	-49.000000	27.900000	8.629519	6
16	133477094	667294922	55.000000	-64.600000	-9.600000	-55.000000	29.200000	12.104777	8
17	133477094	842337147	71.000000	-83.700000	-12.700000	-71.000000	36.300000	19.558190	10
18	133477094	1394431444	74.000000	-68.100000	5.900000	-74.000000	28.600000	11.471692	6
19	133477094	849201045	52.000000	-44.600000	7.400000	-52.000000	21.200000	5.646265	4
20	133477094	963679490	23.000000	-37.600000	-14.600000	-23.000000	30.500000	8.008144	6
21	133477094	1418424938	56.000000	-55.000000	1.000000	-56.000000	28.100000	10.978121	6
22	133477094	1702942536	62.000000	-69.700000	-7.700000	-62.000000	27.600000	9.517970	5
23	133477094	483998780	58.000000	-67.100000	-9.100000	-58.000000	30.800000	11.584021	7
24	133477094	255939214	48.000000	-49.500000	-1.500000	-48.000000	26.100000	8.369598	6
25	133477094	2144870125	41.000000	-44.700000	-3.700000	-41.000000	31.000000	7.925934	5
26	133477094	517213956	62.000000	-88.200000	-26.200000	-62.000000	43.000000	11.203450	6
27	133477094	1453036084	36.000000	-53.900000	-17.900000	-36.000000	26.700000	6.813545	6
28	133477094	1002801241	48.000000	-60.100000	-12.100000	-48.000000	34.700000	15.226744	9
29	133477094	1820422599	39.000000	-58.800000	-19.800000	-39.000000	34.600000	8.921338	8
30	133477094	411718511	42.000000	-55.900000	-13.900000	-42.000000	27.500000	9.401604	8
31	133477094	871473316	53.000000	-57.800000	-4.800000	-53.000000	30.900000	10.476911	6
32	133477094	1027039631	31.000000	-40.600000	-9.600000	-31.000000	27.000000	8.414460	5
33	133477094	273715867	66.000000	-79.700000	-13.700000	-66.000000	42.400000	14.521353	8
34	133477094	2099059393	44.000000	-49.300000	-5.300000	-44.000000	30.500000	10.562958	7
35	133477094	1869121058	36.000000	-53.900000	-17.900000	-36.000000	27.200000	7.207899	7
36	133477094	1660365477	47.000000	-58.100000	-11.100000	-47.000000	38.100000	12.807168	8
37	133477094	1891621498	46.000000	-65.200000	-19.200000	-46.000000	45.400000	13.487170	9
38	133477094	308705300	49.000000	-64.100000	-15.100000	-49.000000	29.900000	12.043951	8
39	133477094	1779402667	39.000000	-52.500000	-13.500000	-39.000000	30.100000	8.585544	6
40	133477094	1493721822	43.000000	-53.600000	-10.600000	-43.000000	29.000000	13.094933	8
41	133477094	871589893	74.000000	-85.400000	-11.400000	-74.000000	35.200000	16.996256	8
42	133477094	492175567	74.000000	-83.600000	-9.600000	-74.000000	36.400000	12.894155	7
43	133477094	429823974	39.000000	-61.800000	-22.800000	-39.000000	33.800000	12.173637	8
44	133477094	254260458	68.000000	-67.700000	0.300000	-68.000000	34.500000	13.547101	7
45	133477094	1014553131	67.000000	-70.700000	-3.700000	-67.000000	33.700000	21.109244	11
46	133477094	2028280270	46.000000	-63.300000	-17.300000	-46.000000	35.800000	11.564078	8
47	133477094	1974372075	78.000000	-100.100000	-22.100000	-78.000000	42.900000	13.024187	7
48	133477094	1856952631	47.000000	-54.400000	-7.400000	-47.000000	28.200000	11.575943	6
49	133477094	579548024	60.000000	-66.300000	-6.300000	-60.000000	30.100000	11.553206	7
0	835693683	796195612	78.000000	-48.800000	29.200000	-78.000000	24.200000	27.044001	11
1	835693683	1919574019	64.000000	-26.500000	37.500000	-64.000000	15.600000	16.491675	8
2	835693683	1249539660	67.000000	-27.800000	39.200000	-67.000000	18.300000	23.329608	10
3	835693683	1425144808	77.000000	-32.600000	44.400000	-77.000000	15.900000	21.756625	9
4	835693683	1342992122	77.000000	-39.900000	37.100000	-77.000000	18.900000	23.462178	9
5	835693683	1381498740	67.000000	-35.500000	31.500000	-67.000000	18.400000	16.556967	8
6	835693683	634674976	56.000000	-41.400000	14.600000	-56.000000	28.800000	12.003879	7
7	835693683	1321099819	74.000000	-39.000000	35.000000	-74.000000	18.000000	22.028632	9
8	835693683	1500225486	59.000000	-35.800000	23.200000	-59.000000	20.400000	18.771981	10
9	835693683	739643832	78.000000	-33.200000	44.800000	-78.000000	19.100000	17.880314	9
10	835693683	1375966005	63.000000	-33.500000	29.500000	-63.000000	18.400000	20.596648	11
11	835693683	1501933315	55.000000	-55.700000	-0.700000	-55.000000	35.900000	12.626031	8
12	835693683	716526638	68.000000	-28.600000	39.400000	-68.000000	16.600000	14.848797	9
13	835693683	1454633654	78.000000	-33.200000	44.800000	-78.000000	19.100000	23.232595	9
14	835693683	363369772	92.000000	-53.600000	38.400000	-92.000000	23.100000	24.524267	9
15	835693683	992374623	75.000000	-34.700000	40.300000	-75.000000	15.500000	18.190419	9
16	835693683	324138480	77.000000	-41.200000	35.800000	-77.000000	19.400000	20.094782	9
17	835693683	1643581413	65.000000	-33.500000	31.500000	-65.000000	17.300000	12.647898	6
18	835693683	277069326	72.000000	-30.900000	41.100000	-72.000000	17.000000	20.807171	9
19	835693683	1974355469	85.000000	-44.000000	41.000000	-85.000000	18.300000	23.637242	9
20	835693683	1049657900	73.000000	-31.500000	41.500000	-73.000000	14.700000	21.783479	10
21	835693683	1018530341	51.000000	-36.100000	14.900000	-51.000000	22.500000	14.896418	7
22	835693683	2028855506	84.000000	-41.300000	42.700000	-84.000000	23.200000	23.945881	9
23	835693683	1815437338	63.000000	-33.100000	29.900000	-63.000000	23.100000	17.898339	9
24	835693683	1547575319	55.000000	-42.400000	12.600000	-55.000000	27.600000	16.175735	9
25	835693683	2129378966	56.000000	-21.400000	34.600000	-56.000000	12.500000	15.576439	7
26	835693683	1309283612	80.000000	-48.300000	31.700000	-80.000000	22.000000	17.687881	7
27	835693683	591090341	70.000000	-33.100000	36.900000	-70.000000	20.300000	22.091204	9
28	835693683	526475454	66.000000	-18.000000	48.000000	-66.000000	10.700000	11.122528	6
29	835693683	1828829133	92.000000	-50.400000	41.600000	-92.000000	21.500000	24.578258	9
30	835693683	1571662526	63.000000	-28.700000	34.300000	-63.000000	14.500000	13.361847	6
31	835693683	1951031359	68.000000	-39.800000	28.200000	-68.000000	19.100000	22.496105	9
32	835693683	1155933543	50.000000	-25.500000	24.500000	-50.000000	17.500000	17.033752	10
33	835693683	592807794	75.000000	-33.100000	41.900000	-75.000000	15.500000	13.117948	6
34	835693683	2140882114	70.000000	-30.400000	39.600000	-70.000000	13.600000	16.455032	8
35	835693683	1615209994	49.000000	-31.900000	17.100000	-49.000000	21.700000	11.827828	7
36	835693683	1621569615	72.000000	-39.000000	33.000000	-72.000000	18.000000	22.764114	10
37	835693683	1186957036	70.000000	-37.400000	32.600000	-70.000000	21.500000	16.044616	8
38	835693683	508435832	71.000000	-49.700000	21.300000	-71.000000	26.200000	16.335451	8
39	835693683	1399500930	42.000000	-15.200000	26.800000	-42.000000	11.900000	7.225601	5
40	835693683	803363302	72.000000	-31.500000	40.500000	-72.000000	14.700000	10.936740	6
41	835693683	409305488	62.000000	-18.400000	43.600000	-62.000000	10.300000	19.893394	10
42	835693683	271741049	65.000000	-39.200000	25.800000	-65.000000	26.900000	22.024262	12
43	835693683	698415442	65.000000	-37.800000	27.200000	-65.000000	22.700000	21.126956	11
44	835693683	616854054	80.000000	-41.400000	38.600000	-80.000000	17.100000	19.857052	9
45	835693683	1624360136	75.000000	-37.300000	37.700000	-75.000000	21.500000	33.696733	8
46	835693683	1657278174	59.000000	-23.500000	35.500000	-59.000000	10.400000	12.409162	6
47	835693683	292408402	77.000000	-40.600000	36.400000	-77.000000	18.800000	18.928793	8
48	835693683	1197065751	52.000000	-26.200000	25.800000	-52.000000	21.400000	13.900455	8
49	835693683	1340283402	58.000000	-30.000000	28.000000	-58.000000	17.600000	9.580978	6
0	197925380	1013880214	56.000000	-25.300000	30.700000	-56.000000	16.600000	19.989777	10
1	197925380	867548892	73.000000	-23.800000	49.200000	-73.000000	11.900000	19.823623	8
2	197925380	1126472113	44.000000	-31.200000	12.800000	-44.000000	23.100000	11.802585	8
3	197925380	1684447365	52.000000	-12.800000	39.200000	-52.000000	7.600000	10.288857	6
4	197925380	1871545475	49.000000	-23.700000	25.300000	-49.000000	20.800000	13.143366	9
5	197925380	1350281506	57.000000	-28.800000	28.200000	-57.000000	20.500000	13.070702	9
6	197925380	1833803178	48.000000	-24.800000	23.200000	-48.000000	19.800000	12.480154	9
7	197925380	994729540	32.000000	-20.000000	12.000000	-32.000000	17.400000	8.218152	7
8	197925380	642681552	32.000000	-21.800000	10.200000	-32.000000	20.100000	10.343529	8
9	197925380	1227456696	47.000000	-25.100000	21.900000	-47.000000	20.100000	14.859743	9
10	197925380	1821018577	57.000000	-33.000000	24.000000	-57.000000	21.600000	15.023783	8
11	197925380	1170635881	42.000000	-23.200000	18.800000	-42.000000	17.600000	8.998999	7
12	197925380	288612509	26.000000	-14.000000	12.000000	-26.000000	14.000000	6.431071	5
13	197925380	997845300	43.000000	-18.500000	24.500000	-43.000000	14.700000	14.159337	9
14	197925380	1730174948	44.000000	-19.800000	24.200000	-44.000000	15.500000	9.878873	7
15	197925380	1312261357	67.000000	-29.100000	37.900000	-67.000000	18.600000	21.074823	10
16	197925380	247755085	56.000000	-21.800000	34.200000	-56.000000	12.800000	14.213153	8
17	197925380	970109853	47.000000	-21.200000	25.800000	-47.000000	17.400000	17.966740	12
18	197925380	1225181769	43.000000	-23.800000	19.200000	-43.000000	19.700000	7.467878	6
19	197925380	831991103	68.000000	-32.500000	35.500000	-68.000000	19.300000	12.148682	6
20	197925380	2070773842	67.000000	-26.900000	40.100000	-67.000000	15.800000	17.073271	9
21	197925380	1464214654	47.000000	-26.500000	20.500000	-47.000000	21.500000	19.652184	10
22	197925380	1966527759	59.000000	-13.600000	45.400000	-59.000000	9.700000	17.536352	10
23	197925380	604164235	41.000000	-25.200000	15.800000	-41.000000	18.600000	6.964601	5
24	197925380	1165735658	62.000000	-33.000000	29.000000	-62.000000	23.400000	19.711854	10
25	197925380	188605203	49.000000	-43.900000	5.100000	-49.000000	26.400000	11.373137	7
26	197925380	203394929	65.000000	-27.600000	37.400000	-65.000000	14.100000	14.534767	8
27	197925380	484316263	56.000000	-18.900000	37.100000	-56.000000	13.400000	16.919720	9
28	197925380	1504745632	67.000000	-23.600000	43.400000	-67.000000	13.100000	13.828799	8
29	197925380	157061446	43.000000	-24.600000	18.400000	-43.000000	21.100000	10.519703	7
30	197925380	2132120811	42.000000	-19.900000	22.100000	-42.000000	14.600000	10.217961	7
31	197925380	586068734	61.000000	-36.400000	24.600000	-61.000000	19.100000	20.992135	10
32	197925380	681140581	33.000000	-23.800000	9.200000	-33.000000	23.100000	7.732960	8
33	197925380	1321405147	33.000000	-25.200000	7.800000	-33.000000	24.500000	8.406193	6
34	197925380	1848803053	45.000000	-29.500000	15.500000	-45.000000	23.900000	8.859908	6
35	197925380	2137943708	49.000000	-32.600000	16.400000	-49.000000	26.700000	12.245333	8
36	197925380	74205713	31.000000	-30.500000	0.500000	-31.000000	28.500000	11.790497	10
37	197925380	1048988512	49.000000	-20.700000	28.300000	-49.000000	16.900000	17.982781	11
38	197925380	666451294	47.000000	-16.100000	30.900000	-47.000000	14.000000	9.559052	6
39	197925380	1638935799	54.000000	-16.000000	38.000000	-54.000000	10.300000	10.710425	6
40	197925380	1792095777	33.000000	-15.400000	17.600000	-33.000000	14.300000	8.318970	6
41	197925380	868417377	56.000000	-26.600000	29.400000	-56.000000	15.500000	8.327519	6
42	197925380	229922887	41.000000	-30.400000	10.600000	-41.000000	20.300000	9.083610	5
43	197925380	865417853	38.000000	-23.300000	14.700000	-38.000000	18.700000	11.165422	9
44	197925380	1973078193	42.000000	-29.200000	12.800000	-42.000000	21.500000	8.538603	6
45	197925380	1885059686	54.000000	-21.800000	32.200000	-54.000000	13.800000	9.382955	6
46	197925380	673388902	63.000000	-34.700000	28.300000	-63.000000	20.400000	12.447637	7
47	197925380	1236252076	54.000000	-30.100000	23.900000	-54.000000	18.400000	8.683132	6
48	197925380	689234414	61.000000	-40.400000	20.600000	-61.000000	28.700000	13.585748	7
49	197925380	1141823037	56.000000	-26.100000	29.900000	-56.000000	16.800000	13.245831	9
0	1068145833	200579792	74.000000	-50.400000	23.600000	-74.000000	26.100000	17.654031	9
1	1068145833	510659268	63.000000	-33.900000	29.100000	-63.000000	17.100000	11.713373	6
2	1068145833	1976067008	47.000000	-33.400000	13.600000	-47.000000	19.400000	7.421286	5
3	1068145833	334329825	76.000000	-57.400000	18.600000	-76.000000	29.300000	23.529552	11
4	1068145833	572982566	57.000000	-58.300000	-1.300000	-57.000000	29.000000	14.935893	8
5	1068145833	695739344	63.000000	-67.300000	-4.300000	-63.000000	37.400000	17.490150	10
6	1068145833	1703510098	58.000000	-48.800000	9.200000	-58.000000	23.200000	17.850542	12
7	1068145833	1630240010	51.000000	-63.400000	-12.400000	-51.000000	39.200000	10.992661	8
8	1068145833	53649423	46.000000	-23.400000	22.600000	-46.000000	21.200000	10.465691	8
9	1068145833	851395104	56.000000	-28.900000	27.100000	-56.000000	15.300000	8.707935	6
10	1068145833	1207976423	36.000000	-40.300000	-4.300000	-36.000000	34.600000	11.537255	10
11	1068145833	1811982849	60.000000	-38.400000	21.600000	-60.000000	24.800000	14.794958	8
12	1068145833	292238183	56.000000	-62.200000	-6.200000	-56.000000	32.300000	14.124522	8
13	1068145833	1042280209	43.000000	-27.100000	15.900000	-43.000000	23.100000	14.566170	9
14	1068145833	1602759182	54.000000	-32.200000	21.800000	-54.000000	18.600000	13.401347	8
15	1068145833	361814023	44.000000	-24.500000	19.500000	-44.000000	21.900000	7.771723	6
16	1068145833	1463485397	61.000000	-41.900000	19.100000	-61.000000	25.800000	13.050703	7
17	1068145833	1766619455	68.000000	-57.700000	10.300000	-68.000000	32.000000	21.596484	11
18	1068145833	1668683578	47.000000	-30.300000	16.700000	-47.000000	25.200000	9.037234	7
19	1068145833	2058094355	75.000000	-45.000000	30.000000	-75.000000	22.900000	19.656815	10
20	1068145833	468844028	57.000000	-61.100000	-4.100000	-57.000000	32.300000	14.240722	8
21	1068145833	1148728018	48.000000	-22.900000	25.100000	-48.000000	15.700000	9.539325	5
22	1068145833	1910957238	56.000000	-24.600000	31.400000	-56.000000	20.600000	15.394193	9
23	1068145833	1808150468	57.000000	-42.500000	14.500000	-57.000000	22.100000	10.487733	6
24	1068145833	1050085725	50.000000	-31.000000	19.000000	-50.000000	19.900000	9.383198	5
25	1068145833	2004030876	52.000000	-29.300000	22.700000	-52.000000	17.500000	10.428486	6
26	1068145833	1418375536	74.000000	-43.300000	30.700000	-74.000000	22.800000	23.245817	11
27	1068145833	1293942027	51.000000	-28.800000	22.200000	-51.000000	15.800000	10.322392	6
28	1068145833	903382016	63.000000	-37.400000	25.600000	-63.000000	19.500000	14.698229	7
29	1068145833	1478283526	72.000000	-42.900000	29.100000	-72.000000	21.500000	17.858492	9
30	1068145833	744083335	42.000000	-53.700000	-11.700000	-42.000000	29.500000	13.610945	8
31	1068145833	1297443985	63.000000	-33.100000	29.900000	-63.000000	18.000000	9.968630	6
32	1068145833	2061035017	34.000000	-48.000000	-14.000000	-34.000000	25.600000	10.166163	7
33	1068145833	1857306558	71.000000	-33.600000	37.400000	-71.000000	18.600000	13.143928	7
34	1068145833	1220565844	46.000000	-55.700000	-9.700000	-46.000000	24.700000	8.919774	6
35	1068145833	304568353	68.000000	-32.100000	35.900000	-68.000000	17.100000	16.373419	9
36	1068145833	1060408318	59.000000	-30.700000	28.300000	-59.000000	17.500000	13.546452	8
37	1068145833	271074197	36.000000	-46.800000	-10.800000	-36.000000	25.000000	10.775014	6
38	1068145833	325941902	67.000000	-66.400000	0.600000	-67.000000	32.900000	17.999803	10
39	1068145833	1089791982	48.000000	-56.600000	-8.600000	-48.000000	27.600000	8.295143	7
40	1068145833	490580621	38.000000	-32.800000	5.200000	-38.000000	23.900000	6.206241	6
41	1068145833	909052962	51.000000	-37.400000	13.600000	-51.000000	23.800000	11.962598	9
42	1068145833	311641059	58.000000	-31.100000	26.900000	-58.000000	17.500000	10.749232	8
43	1068145833	570026539	71.000000	-39.600000	31.400000	-71.000000	18.200000	19.652464	10
44	1068145833	1946905127	47.000000	-28.000000	19.000000	-47.000000	16.800000	8.592155	5
45	1068145833	277398415	49.000000	-45.700000	3.300000	-49.000000	25.500000	12.051227	7
46	1068145833	268717648	62.000000	-63.000000	-1.000000	-62.000000	32.200000	19.957813	10
47	1068145833	185013645	38.000000	-27.800000	10.200000	-38.000000	16.800000	8.168219	7
48	1068145833	1469655480	67.000000	-38.100000	28.900000	-67.000000	24.800000	15.834190	9
49	1068145833	1920115535	68.000000	-54.200000	13.800000	-68.000000	28.200000	16.299798	9
0	1950082913	800976084	68.000000	-39.900000	28.100000	-68.000000	26.100000	17.352334	8
1	1950082913	1640664415	46.000000	-28.400000	17.600000	-46.000000	23.200000	8.635167	7
2	1950082913	31878042	53.000000	-41.700000	11.300000	-53.000000	30.500000	12.468343	8
3	1950082913	47356435	35.000000	-24.300000	10.700000	-35.000000	18.400000	4.685144	4
4	1950082913	1775001769	41.000000	-29.800000	11.200000	-41.000000	23.800000	13.667465	8
5	1950082913	432177498	62.000000	-35.900000	26.100000	-62.000000	20.500000	17.316950	8
6	1950082913	16261399	46.000000	-36.700000	9.300000	-46.000000	23.900000	9.187200	6
7	1950082913	1391775149	35.000000	-31.700000	3.300000	-35.000000	26.100000	11.728413	8
8	1950082913	396992786	43.000000	-47.200000	-4.200000	-43.000000	39.600000	11.534645	9
9	1950082913	74091620	54.000000	-31.100000	22.900000	-54.000000	17.900000	15.868327	8
10	1950082913	604118399	47.000000	-42.500000	4.500000	-47.000000	37.300000	15.726645	9
11	1950082913	205217694	41.000000	-34.000000	7.000000	-41.000000	30.000000	11.503170	7
12	1950082913	1517623867	47.000000	-35.900000	11.100000	-47.000000	26.000000	11.801283	8
13	1950082913	44036001	58.000000	-38.100000	19.900000	-58.000000	26.900000	17.584068	11
14	1950082913	339505211	49.000000	-29.100000	19.900000	-49.000000	23.000000	17.495673	9
15	1950082913	1708787009	64.000000	-44.600000	19.400000	-64.000000	26.000000	18.055988	8
16	1950082913	374130073	49.000000	-25.300000	23.700000	-49.000000	14.900000	8.151701	5
17	1950082913	2062038433	58.000000	-39.700000	18.300000	-58.000000	29.300000	15.707730	7
18	1950082913	1870883030	36.000000	-26.400000	9.600000	-36.000000	26.400000	14.040832	10
19	1950082913	1319611143	39.000000	-22.700000	16.300000	-39.000000	19.000000	12.722259	7
20	1950082913	756820530	48.000000	-30.900000	17.100000	-48.000000	22.500000	11.849226	6
21	1950082913	107296124	51.000000	-25.600000	25.400000	-51.000000	13.200000	13.201652	6
22	1950082913	2022534292	46.000000	-42.400000	3.600000	-46.000000	37.600000	14.941143	9
23	1950082913	1166502349	50.000000	-39.800000	10.200000	-50.000000	27.200000	9.826628	6
24	1950082913	324159249	40.000000	-16.900000	23.100000	-40.000000	11.900000	10.328321	6
25	1950082913	42876409	50.000000	-26.600000	23.400000	-50.000000	17.500000	12.056946	7
26	1950082913	1334719433	61.000000	-36.200000	24.800000	-61.000000	21.600000	23.293833	11
27	1950082913	1824597830	39.000000	-34.300000	4.700000	-39.000000	26.400000	11.877632	7
28	1950082913	1836278598	51.000000	-31.700000	19.300000	-51.000000	22.800000	16.856855	10
29	1950082913	1546348955	41.000000	-44.200000	-3.200000	-41.000000	33.900000	10.803675	6
30	1950082913	1015836462	49.000000	-51.500000	-2.500000	-49.000000	36.900000	25.404332	8
31	1950082913	1469504787	41.000000	-35.400000	5.600000	-41.000000	31.700000	15.946668	8
32	1950082913	1864091665	39.000000	-27.100000	11.900000	-39.000000	24.200000	12.753166	7
33	1950082913	447748295	45.000000	-36.200000	8.800000	-45.000000	31.100000	13.273506	9
34	1950082913	407819487	56.000000	-44.900000	11.100000	-56.000000	38.900000	19.814125	10
35	1950082913	1308854206	30.000000	-23.400000	6.600000	-30.000000	20.900000	9.305961	8
36	1950082913	1369989518	54.000000	-37.200000	16.800000	-54.000000	22.200000	12.294851	6
37	1950082913	431068649	69.000000	-37.800000	31.200000	-69.000000	21.700000	19.539850	9
38	1950082913	946181433	58.000000	-43.800000	14.200000	-58.000000	31.000000	18.363650	9
39	1950082913	1932574167	49.000000	-33.900000	15.100000	-49.000000	27.900000	15.436124	10
40	1950082913	1784301674	52.000000	-37.800000	14.200000	-52.000000	26.700000	11.394673	7
41	1950082913	2027347986	44.000000	-19.700000	24.300000	-44.000000	16.800000	13.062879	8
42	1950082913	1853176126	49.000000	-38.400000	10.600000	-49.000000	25.500000	8.479848	5
43	1950082913	1607462882	12.000000	-23.200000	-11.200000	-12.000000	26.500000	4.687165	5
44	1950082913	761934581	52.000000	-33.000000	19.000000	-52.000000	22.500000	10.399989	6
45	1950082913	423534252	54.000000	-48.200000	5.800000	-54.000000	30.400000	15.375250	8
46	1950082913	713549517	60.000000	-34.800000	25.200000	-60.000000	21.000000	15.681302	7
47	1950082913	1512329013	18.000000	-9.900000	8.100000	-18.000000	11.800000	5.436452	4
48	1950082913	1159777786	61.000000	-30.600000	30.400000	-61.000000	19.400000	19.138384	9
49	1950082913	33045663	53.000000	-39.700000	13.300000	-53.000000	26.900000	12.906890	7
0	600444519	178021706	58.000000	-45.300000	12.700000	-58.000000	27.600000	17.311219	7
1	600444519	336861910	57.000000	-39.900000	17.100000	-57.000000	25.700000	17.016414	8
2	600444519	620125264	58.000000	-57.300000	0.700000	-58.000000	34.200000	11.316898	7
3	600444519	828298572	59.000000	-60.500000	-1.500000	-59.000000	36.100000	20.935979	8
4	600444519	259989139	61.000000	-44.900000	16.100000	-61.000000	28.100000	14.563424	7
5	600444519	94035165	39.000000	-35.400000	3.600000	-39.000000	23.700000	6.945331	5
6	600444519	2039267758	52.000000	-54.400000	-2.400000	-52.000000	41.100000	16.384521	10
7	600444519	1001322999	51.000000	-30.700000	20.300000	-51.000000	25.000000	16.408818	9
8	600444519	1724286711	61.000000	-38.200000	22.800000	-61.000000	23.900000	17.407723	7
9	600444519	599650591	44.000000	-25.300000	18.700000	-44.000000	21.400000	8.291973	6
10	600444519	1826299411	58.000000	-26.200000	31.800000	-58.000000	18.200000	12.500444	6
11	600444519	692223360	54.000000	-19.400000	34.600000	-54.000000	13.400000	13.116042	6
12	600444519	1787832384	39.000000	-21.800000	17.200000	-39.000000	20.300000	11.964176	9
13	600444519	1196232463	48.000000	-37.600000	10.400000	-48.000000	23.500000	13.650257	9
14	600444519	1748657863	53.000000	-28.400000	24.600000	-53.000000	22.400000	17.315537	9
15	600444519	190431873	61.000000	-41.700000	19.300000	-61.000000	26.600000	16.905845	7
16	600444519	1123720290	46.000000	-42.700000	3.300000	-46.000000	31.600000	15.374373	9
17	600444519	769831262	54.000000	-56.200000	-2.200000	-54.000000	37.400000	11.352541	7
18	600444519	965857160	47.000000	-36.400000	10.600000	-47.000000	30.400000	12.641251	8
19	600444519	398085777	59.000000	-41.700000	17.300000	-59.000000	25.900000	16.039995	8
20	600444519	1138766699	46.000000	-21.600000	24.400000	-46.000000	16.400000	13.460991	6
21	600444519	1845178325	34.000000	-34.200000	-0.200000	-34.000000	27.100000	11.664103	6
22	600444519	265069835	67.000000	-33.000000	34.000000	-67.000000	23.300000	18.620153	10
23	600444519	127285190	25.000000	-12.200000	12.800000	-25.000000	14.700000	4.857362	4
24	600444519	1543979998	46.000000	-42.700000	3.300000	-46.000000	31.600000	13.656500	11
25	600444519	752730200	68.000000	-44.100000	23.900000	-68.000000	22.200000	20.830231	9
26	600444519	695750956	44.000000	-37.600000	6.400000	-44.000000	25.600000	10.194267	7
27	600444519	444332551	51.000000	-42.700000	8.300000	-51.000000	30.700000	14.265115	9
28	600444519	534061372	42.000000	-16.000000	26.000000	-42.000000	14.500000	11.684182	5
29	600444519	934043644	65.000000	-41.600000	23.400000	-65.000000	21.600000	15.287230	7
30	600444519	862422309	64.000000	-41.600000	22.400000	-64.000000	23.100000	7.758258	4
31	600444519	2129900577	54.000000	-19.400000	34.600000	-54.000000	12.800000	9.216201	4
32	600444519	1311816616	22.000000	-11.400000	10.600000	-22.000000	14.500000	3.978695	4
33	600444519	378512524	59.000000	-59.600000	-0.600000	-59.000000	41.100000	18.277124	10
34	600444519	1406635529	39.000000	-35.100000	3.900000	-39.000000	24.800000	9.320229	7
35	600444519	302959942	44.000000	-22.400000	21.600000	-44.000000	18.100000	10.122831	7
36	600444519	1994516339	72.000000	-64.800000	7.200000	-72.000000	32.400000	14.608947	7
37	600444519	982742476	60.000000	-62.000000	-2.000000	-60.000000	40.800000	14.547473	8
38	600444519	288673443	39.000000	-34.300000	4.700000	-39.000000	23.100000	11.365994	7
39	600444519	1791951311	51.000000	-61.300000	-10.300000	-51.000000	36.700000	15.148821	9
40	600444519	643451746	34.000000	-21.600000	12.400000	-34.000000	23.300000	10.563076	7
41	600444519	74034803	46.000000	-47.900000	-1.900000	-46.000000	29.100000	11.509625	7
42	600444519	708535273	74.000000	-40.200000	33.800000	-74.000000	26.900000	23.965266	10
43	600444519	2112477440	41.000000	-30.900000	10.100000	-41.000000	22.400000	9.649118	5
44	600444519	729086211	57.000000	-61.000000	-4.000000	-57.000000	39.700000	13.485103	9
45	600444519	333948306	46.000000	-25.300000	20.700000	-46.000000	19.300000	12.077238	8
46	600444519	265351033	63.000000	-55.000000	8.000000	-63.000000	30.500000	17.827806	8
47	600444519	1376617000	65.000000	-35.300000	29.700000	-65.000000	25.600000	16.546347	9
48	600444519	811182868	46.000000	-40.200000	5.800000	-46.000000	23.800000	5.324368	4
49	600444519	364093357	74.000000	-33.800000	40.200000	-74.000000	20.300000	17.648563	8
0	2140441359	1815698220	82.000000	-88.700000	-6.700000	-82.000000	40.400000	16.462928	9
1	2140441359	1480270624	84.000000	-89.200000	-5.200000	-84.000000	37.500000	20.847099	8
2	2140441359	1202467669	70.000000	-71.000000	-1.000000	-70.000000	39.900000	17.699008	9
3	2140441359	1539476322	80.000000	-69.200000	10.800000	-80.000000	33.600000	12.368168	6
4	2140441359	312801715	76.000000	-92.900000	-16.900000	-76.000000	45.900000	13.863025	7
5	2140441359	883630977	72.000000	-80.500000	-8.500000	-72.000000	40.300000	14.758489	8
6	2140441359	1429999307	46.000000	-54.400000	-8.400000	-46.000000	31.500000	8.960500	6
7	2140441359	713651945	54.000000	-34.700000	19.300000	-54.000000	20.900000	7.693520	5
8	2140441359	693732811	56.000000	-63.600000	-7.600000	-56.000000	31.700000	25.274597	8
9	2140441359	1669037612	55.000000	-58.200000	-3.200000	-55.000000	24.000000	8.419406	4
10	2140441359	910411681	81.000000	-46.300000	34.700000	-81.000000	23.800000	13.588620	6
11	2140441359	2110123802	68.000000	-66.600000	1.400000	-68.000000	29.700000	15.117709	7
12	2140441359	654264759	78.000000	-71.400000	6.600000	-78.000000	32.400000	13.552958	7
13	2140441359	267835247	65.000000	-63.900000	1.100000	-65.000000	29.000000	13.713755	9
14	2140441359	509145468	79.000000	-55.900000	23.100000	-79.000000	24.300000	17.003482	8
15	2140441359	2060562674	75.000000	-64.200000	10.800000	-75.000000	31.200000	18.102240	9
16	2140441359	288645270	84.000000	-79.300000	4.700000	-84.000000	35.200000	16.234616	8
17	2140441359	807515047	62.000000	-66.900000	-4.900000	-62.000000	34.700000	15.493778	7
18	2140441359	1305543143	77.000000	-77.200000	-0.200000	-77.000000	30.500000	16.782155	7
19	2140441359	710005885	69.000000	-54.500000	14.500000	-69.000000	24.500000	19.999084	10
20	2140441359	952914706	62.000000	-77.000000	-15.000000	-62.000000	45.700000	16.778572	10
21	2140441359	787904240	78.000000	-73.700000	4.300000	-78.000000	36.900000	17.453544	9
22	2140441359	1951760976	40.000000	-56.800000	-16.800000	-40.000000	32.300000	10.697389	6
23	2140441359	686522215	82.000000	-69.200000	12.800000	-82.000000	33.900000	15.549695	7
24	2140441359	2062425448	82.000000	-68.600000	13.400000	-82.000000	33.700000	15.211546	7
25	2140441359	1172966463	65.000000	-74.200000	-9.200000	-65.000000	34.100000	16.383937	9
26	2140441359	1322592528	87.000000	-83.700000	3.300000	-87.000000	37.400000	21.239663	9
27	2140441359	1378075040	75.000000	-68.400000	6.600000	-75.000000	29.700000	15.503089	7
28	2140441359	1299553347	89.000000	-90.200000	-1.200000	-89.000000	38.000000	19.450144	8
29	2140441359	1462121533	80.000000	-84.400000	-4.400000	-80.000000	36.300000	14.548281	7
30	2140441359	679926336	78.000000	-66.300000	11.700000	-78.000000	33.100000	13.106177	7
31	2140441359	1084725007	82.000000	-73.800000	8.200000	-82.000000	36.200000	20.443538	9
32	2140441359	1688035854	74.000000	-53.900000	20.100000	-74.000000	29.100000	13.765818	7
33	2140441359	2055634196	61.000000	-45.200000	15.800000	-61.000000	19.700000	10.223146	6
34	2140441359	1213436360	60.000000	-54.100000	5.900000	-60.000000	33.700000	10.121995	6
35	2140441359	1238963079	48.000000	-53.300000	-5.300000	-48.000000	35.900000	10.323134	6
36	2140441359	462812169	61.000000	-77.500000	-16.500000	-61.000000	35.200000	14.987371	10
37	2140441359	1141170603	87.000000	-86.600000	0.400000	-87.000000	36.200000	16.494625	8
38	2140441359	1234973658	72.000000	-75.500000	-3.500000	-72.000000	41.100000	17.561506	8
39	2140441359	421443244	75.000000	-87.700000	-12.700000	-75.000000	39.100000	18.942035	11
40	2140441359	2035249101	78.000000	-94.300000	-16.300000	-78.000000	43.200000	14.725551	7
41	2140441359	316870783	59.000000	-82.100000	-23.100000	-59.000000	41.700000	13.343464	8
42	2140441359	1760577213	62.000000	-84.600000	-22.600000	-62.000000	41.500000	15.739371	9
43	2140441359	1108469183	61.000000	-76.700000	-15.700000	-61.000000	34.800000	17.552554	10
44	2140441359	777689136	56.000000	-62.100000	-6.100000	-56.000000	35.000000	13.787873	7
45	2140441359	1971149544	75.000000	-71.300000	3.700000	-75.000000	35.700000	17.142984	8
46	2140441359	1793758033	67.000000	-66.700000	0.300000	-67.000000	33.500000	15.490836	8
47	2140441359	122261514	68.000000	-68.100000	-0.100000	-68.000000	34.100000	16.502406	8
48	2140441359	1080445777	68.000000	-51.600000	16.400000	-68.000000	22.800000	18.752193	8
49	2140441359	1582583020	75.000000	-82.400000	-7.400000	-75.000000	33.800000	22.237341	9
0	1963503508	665731265	51.000000	-71.500000	-20.500000	-51.000000	38.000000	15.476593	10
1	1963503508	1684988223	44.000000	-39.600000	4.400000	-44.000000	25.400000	13.012470	10
2	1963503508	1972609393	45.000000	-50.000000	-5.000000	-45.000000	39.600000	14.307726	12
3	1963503508	43896518	44.000000	-56.000000	-12.000000	-44.000000	30.400000	16.596586	11
4	1963503508	919778515	49.000000	-40.300000	8.700000	-49.000000	25.800000	12.328433	8
5	1963503508	212275397	58.000000	-72.100000	-14.100000	-58.000000	37.100000	18.397134	11
6	1963503508	694182323	45.000000	-47.300000	-2.300000	-45.000000	34.300000	12.630431	11
7	1963503508	1205145976	58.000000	-65.500000	-7.500000	-58.000000	38.900000	17.140744	10
8	1963503508	389984947	38.000000	-36.200000	1.800000	-38.000000	25.100000	11.373489	9
9	1963503508	800554857	30.000000	-36.400000	-6.400000	-30.000000	37.400000	8.262191	7
10	1963503508	1969736599	88.000000	-80.100000	7.900000	-88.000000	31.300000	21.531383	10
11	1963503508	1842964663	51.000000	-49.200000	1.800000	-51.000000	38.300000	16.325786	10
12	1963503508	2084466080	83.000000	-71.400000	11.600000	-83.000000	30.700000	24.871334	11
13	1963503508	1557205634	80.000000	-79.200000	0.800000	-80.000000	35.000000	20.383661	10
14	1963503508	1162499208	67.000000	-80.600000	-13.600000	-67.000000	34.900000	18.643013	9
15	1963503508	1776414057	82.000000	-68.400000	13.600000	-82.000000	34.200000	22.085124	10
16	1963503508	65099138	66.000000	-73.700000	-7.700000	-66.000000	34.700000	19.492972	8
17	1963503508	1028954859	90.000000	-83.000000	7.000000	-90.000000	35.700000	21.783297	10
18	1963503508	927124363	73.000000	-77.500000	-4.500000	-73.000000	43.000000	24.502261	14
19	1963503508	1705943464	54.000000	-35.500000	18.500000	-54.000000	23.100000	12.326477	7
20	1963503508	1664711143	58.000000	-62.700000	-4.700000	-58.000000	36.600000	15.807844	8
21	1963503508	1823672829	80.000000	-68.200000	11.800000	-80.000000	32.400000	22.828803	9
22	1963503508	1630580621	44.000000	-55.000000	-11.000000	-44.000000	39.800000	14.660825	9
23	1963503508	808368573	59.000000	-59.900000	-0.900000	-59.000000	28.100000	15.717015	7
24	1963503508	292295965	79.000000	-86.000000	-7.000000	-79.000000	38.700000	15.848607	8
25	1963503508	2141654763	44.000000	-53.000000	-9.000000	-44.000000	27.400000	16.010460	10
26	1963503508	2136878889	58.000000	-50.800000	7.200000	-58.000000	19.500000	17.291217	8
27	1963503508	1622068531	79.000000	-83.300000	-4.300000	-79.000000	37.800000	26.212061	12
28	1963503508	2073051032	45.000000	-42.500000	2.500000	-45.000000	31.600000	14.095031	8
29	1963503508	898440373	66.000000	-82.900000	-16.900000	-66.000000	46.000000	24.352362	11
30	1963503508	432983957	37.000000	-42.600000	-5.600000	-37.000000	28.400000	10.115104	8
31	1963503508	1856237846	65.000000	-66.900000	-1.900000	-65.000000	33.700000	17.066474	9
32	1963503508	771279721	70.000000	-70.800000	-0.800000	-70.000000	30.000000	23.719418	12
33	1963503508	37672497	59.000000	-52.000000	7.000000	-59.000000	26.700000	15.276272	9
34	1963503508	428063776	79.000000	-83.300000	-4.300000	-79.000000	37.800000	18.406218	9
35	1963503508	1304999993	58.000000	-58.900000	-0.900000	-58.000000	32.600000	19.341266	11
36	1963503508	1982220038	73.000000	-75.300000	-2.300000	-73.000000	29.800000	19.396195	9
37	1963503508	645325936	50.000000	-43.600000	6.400000	-50.000000	27.400000	13.730668	9
38	1963503508	667073961	69.000000	-72.400000	-3.400000	-69.000000	30.800000	18.675634	9
39	1963503508	2145459358	73.000000	-81.300000	-8.300000	-73.000000	41.300000	22.891926	11
40	1963503508	1262364976	66.000000	-70.000000	-4.000000	-66.000000	40.100000	23.165294	12
41	1963503508	1751266120	50.000000	-51.200000	-1.200000	-50.000000	32.200000	14.463537	9
42	1963503508	101505388	66.000000	-67.800000	-1.800000	-66.000000	31.800000	20.431784	9
43	1963503508	52056347	76.000000	-76.000000	0.000000	-76.000000	36.800000	24.583092	13
44	1963503508	1233396579	77.000000	-65.700000	11.300000	-77.000000	29.300000	12.948374	7
45	1963503508	765695675	58.000000	-68.300000	-10.300000	-58.000000	32.300000	17.140389	10
46	1963503508	1443993634	64.000000	-70.800000	-6.800000	-64.000000	31.800000	16.652376	9
47	1963503508	228293209	50.000000	-40.600000	9.400000	-50.000000	25.400000	10.819090	7
48	1963503508	1072864718	61.000000	-75.800000	-14.800000	-61.000000	34.300000	22.483834	11
49	1963503508	1001314324	71.000000	-72.400000	-1.400000	-71.000000	32.400000	15.141719	7
0	93058589	155225673	61.000000	-40.500000	20.500000	-61.000000	20.900000	17.519305	8
1	93058589	934706453	57.000000	-23.100000	33.900000	-57.000000	13.800000	13.405202	11
2	93058589	1225400876	49.000000	-17.600000	31.400000	-49.000000	12.700000	12.162976	7
3	93058589	1089151517	39.000000	-35.900000	3.100000	-39.000000	26.000000	8.271496	7
4	93058589	777429911	78.000000	-58.000000	20.000000	-78.000000	33.400000	25.955458	11
5	93058589	2047292573	69.000000	-45.500000	23.500000	-69.000000	27.100000	16.541324	9
6	93058589	966210677	42.000000	-29.900000	12.100000	-42.000000	17.900000	11.785733	7
7	93058589	672059557	29.000000	-22.300000	6.700000	-29.000000	15.900000	5.354062	4
8	93058589	1538342536	74.000000	-23.700000	50.300000	-74.000000	11.800000	24.369612	12
9	93058589	1360620604	63.000000	-32.900000	30.100000	-63.000000	19.000000	15.386620	8
10	93058589	1442150616	67.000000	-26.700000	40.300000	-67.000000	13.100000	13.035882	7
11	93058589	212262130	56.000000	-33.200000	22.800000	-56.000000	21.500000	14.275137	8
12	93058589	1660837990	39.000000	-27.900000	11.100000	-39.000000	18.600000	8.411870	6
13	93058589	1632778474	60.000000	-47.000000	13.000000	-60.000000	27.300000	15.300028	9
14	93058589	26713277	68.000000	-36.000000	32.000000	-68.000000	22.900000	20.507619	9
15	93058589	1298242858	35.000000	-35.200000	-0.200000	-35.000000	25.500000	11.775796	8
16	93058589	825059486	60.000000	-43.700000	16.300000	-60.000000	24.600000	10.490208	7
17	93058589	1280868492	64.000000	-24.700000	39.300000	-64.000000	14.300000	16.318041	9
18	93058589	165329876	57.000000	-22.700000	34.300000	-57.000000	13.200000	16.747809	12
19	93058589	2285970	69.000000	-56.600000	12.400000	-69.000000	29.100000	20.338056	9
20	93058589	580816437	50.000000	-26.300000	23.700000	-50.000000	17.400000	12.095056	9
21	93058589	189412684	47.000000	-25.300000	21.700000	-47.000000	17.800000	8.747604	6
22	93058589	1915497886	57.000000	-24.700000	32.300000	-57.000000	13.900000	15.418346	8
23	93058589	529113969	63.000000	-28.600000	34.400000	-63.000000	17.400000	15.114966	8
24	93058589	533742067	53.000000	-42.500000	10.500000	-53.000000	29.300000	12.954134	7
25	93058589	1873131834	71.000000	-40.600000	30.400000	-71.000000	24.200000	21.155586	13
26	93058589	698595751	61.000000	-37.800000	23.200000	-61.000000	22.000000	17.216316	10
27	93058589	88366116	78.000000	-48.900000	29.100000	-78.000000	25.400000	24.097539	10
28	93058589	1298101865	67.000000	-47.500000	19.500000	-67.000000	27.100000	19.694402	10
29	93058589	1313106179	58.000000	-28.700000	29.300000	-58.000000	13.400000	11.540577	7
30	93058589	758593055	30.000000	-16.000000	14.000000	-30.000000	12.400000	3.838325	3
31	93058589	1835074787	62.000000	-36.200000	25.800000	-62.000000	18.700000	14.981308	9
32	93058589	1070584336	73.000000	-50.000000	23.000000	-73.000000	27.900000	19.785891	11
33	93058589	107171826	55.000000	-48.100000	6.900000	-55.000000	31.700000	13.817289	8
34	93058589	2035059799	61.000000	-38.700000	22.300000	-61.000000	21.400000	11.650396	6
35	93058589	929414536	41.000000	-23.800000	17.200000	-41.000000	11.300000	8.484732	5
36	93058589	1563478058	63.000000	-37.200000	25.800000	-63.000000	25.900000	16.201417	9
37	93058589	2035745364	56.000000	-33.900000	22.100000	-56.000000	15.300000	10.956292	6
38	93058589	1628382600	47.000000	-27.200000	19.800000	-47.000000	18.700000	7.961037	5
39	93058589	111090644	61.000000	-43.900000	17.100000	-61.000000	25.500000	16.561558	8
40	93058589	1683266035	56.000000	-32.100000	23.900000	-56.000000	18.500000	13.249786	8
41	93058589	505913674	55.000000	-40.000000	15.000000	-55.000000	22.700000	12.135284	7
42	93058589	1770897756	55.000000	-21.500000	33.500000	-55.000000	12.200000	11.264678	7
43	93058589	1135682279	64.000000	-33.500000	30.500000	-64.000000	22.200000	13.285708	8
44	93058589	1928216637	83.000000	-34.900000	48.100000	-83.000000	18.500000	21.404853	10
45	93058589	653395451	39.000000	-30.600000	8.400000	-39.000000	21.800000	8.785715	9
46	93058589	574992870	41.000000	-32.200000	8.800000	-41.000000	23.000000	9.768017	10
47	93058589	1444405944	57.000000	-26.600000	30.400000	-57.000000	16.600000	14.905791	9
48	93058589	1502297113	64.000000	-37.500000	26.500000	-64.000000	22.200000	12.268592	7
49	93058589	747312199	39.000000	-34.400000	4.600000	-39.000000	24.500000	8.538223	9
0	610304499	86022972	51.000000	-43.600000	7.400000	-51.000000	28.700000	13.259991	7
1	610304499	938353433	57.000000	-45.400000	11.600000	-57.000000	24.600000	11.053600	7
2	610304499	252882491	57.000000	-33.300000	23.700000	-57.000000	24.300000	19.864946	11
3	610304499	305160488	50.000000	-68.200000	-18.200000	-50.000000	32.900000	12.502262	8
4	610304499	814661476	62.000000	-52.700000	9.300000	-62.000000	31.600000	18.084174	8
5	610304499	431070286	49.000000	-34.300000	14.700000	-49.000000	21.300000	11.862269	8
6	610304499	1222180349	67.000000	-63.700000	3.300000	-67.000000	32.400000	15.384645	7
7	610304499	384115376	63.000000	-53.800000	9.200000	-63.000000	27.900000	16.380070	9
8	610304499	1704527862	50.000000	-24.300000	25.700000	-50.000000	13.100000	13.691731	8
9	610304499	907894286	47.000000	-39.300000	7.700000	-47.000000	28.300000	15.344156	9
10	610304499	1898392948	57.000000	-60.800000	-3.800000	-57.000000	25.300000	15.607768	8
11	610304499	2039756050	58.000000	-35.200000	22.800000	-58.000000	21.700000	12.290699	8
12	610304499	562769810	50.000000	-39.400000	10.600000	-50.000000	25.900000	14.196594	8
13	610304499	1595787851	41.000000	-42.000000	-1.000000	-41.000000	34.400000	8.929393	5
14	610304499	1543742920	56.000000	-46.400000	9.600000	-56.000000	30.100000	16.856461	10
15	610304499	610915112	62.000000	-51.900000	10.100000	-62.000000	27.100000	14.736314	8
16	610304499	250991790	48.000000	-28.300000	19.700000	-48.000000	20.700000	13.020637	10
17	610304499	1820418121	53.000000	-49.000000	4.000000	-53.000000	37.800000	11.685941	7
18	610304499	1712873083	66.000000	-48.000000	18.000000	-66.000000	25.700000	16.300240	8
19	610304499	804426065	75.000000	-63.500000	11.500000	-75.000000	24.300000	17.058749	8
20	610304499	1193793637	60.000000	-40.100000	19.900000	-60.000000	21.800000	11.181698	7
21	610304499	209276456	68.000000	-59.300000	8.700000	-68.000000	31.200000	23.502665	11
22	610304499	1998253975	66.000000	-69.900000	-3.900000	-66.000000	33.400000	18.417695	10
23	610304499	680247662	52.000000	-43.000000	9.000000	-52.000000	30.000000	13.737300	10
24	610304499	691823924	58.000000	-35.300000	22.700000	-58.000000	21.100000	11.950175	9
25	610304499	1017309656	42.000000	-48.300000	-6.300000	-42.000000	32.100000	9.876948	6
26	610304499	2104217127	45.000000	-45.600000	-0.600000	-45.000000	30.100000	10.081439	7
27	610304499	855851387	67.000000	-69.600000	-2.600000	-67.000000	30.100000	18.010594	10
28	610304499	363503346	74.000000	-68.600000	5.400000	-74.000000	34.300000	21.020555	11
29	610304499	214897131	37.000000	-34.300000	2.700000	-37.000000	22.600000	8.077400	6
30	610304499	329887338	41.000000	-53.500000	-12.500000	-41.000000	38.000000	11.070145	6
31	610304499	1877716942	52.000000	-33.400000	18.600000	-52.000000	21.900000	10.116295	8
32	610304499	1843657078	52.000000	-47.700000	4.300000	-52.000000	32.200000	13.473445	9
33	610304499	1583118359	48.000000	-41.800000	6.200000	-48.000000	26.300000	13.738571	8
34	610304499	2073432090	47.000000	-49.500000	-2.500000	-47.000000	39.300000	10.981806	8
35	610304499	147458272	42.000000	-36.300000	5.700000	-42.000000	24.600000	8.900579	8
36	610304499	1009662048	67.000000	-53.000000	14.000000	-67.000000	26.700000	16.789099	8
37	610304499	2023346383	38.000000	-24.800000	13.200000	-38.000000	15.100000	7.233227	6
38	610304499	1212674142	51.000000	-53.200000	-2.200000	-51.000000	37.700000	13.267966	6
39	610304499	836873310	67.000000	-58.400000	8.600000	-67.000000	33.600000	18.659256	10
40	610304499	1619400276	53.000000	-29.300000	23.700000	-53.000000	18.100000	17.872289	8
41	610304499	71626242	64.000000	-58.400000	5.600000	-64.000000	36.100000	15.044476	8
42	610304499	1950983772	67.000000	-52.400000	14.600000	-67.000000	26.800000	21.925208	12
43	610304499	520342054	62.000000	-46.100000	15.900000	-62.000000	25.300000	12.706730	6
44	610304499	200774453	67.000000	-54.000000	13.000000	-67.000000	29.200000	22.597885	12
45	610304499	1306247076	73.000000	-62.300000	10.700000	-73.000000	31.000000	18.942354	8
46	610304499	920577420	49.000000	-46.900000	2.100000	-49.000000	31.400000	15.803325	9
47	610304499	1902590067	48.000000	-26.600000	21.400000	-48.000000	19.000000	11.721272	8
48	610304499	880340192	57.000000	-30.900000	26.100000	-57.000000	22.200000	12.707162	8
49	610304499	269761718	49.000000	-39.000000	10.000000	-49.000000	23.300000	13.724835	7
0	911206825	1389886883	75.000000	-27.600000	47.400000	-75.000000	16.100000	15.464955	8
1	911206825	612469059	80.000000	-57.300000	22.700000	-80.000000	28.000000	20.286216	11
2	911206825	234554595	86.000000	-55.100000	30.900000	-86.000000	25.600000	23.628900	12
3	911206825	1560245939	66.000000	-49.500000	16.500000	-66.000000	29.600000	24.634839	11
4	911206825	1827337100	62.000000	-44.800000	17.200000	-62.000000	21.400000	18.176414	9
5	911206825	1120411019	76.000000	-43.800000	32.200000	-76.000000	25.000000	15.495491	8
6	911206825	993712016	61.000000	-48.500000	12.500000	-61.000000	28.600000	17.752645	8
7	911206825	70293630	70.000000	-34.500000	35.500000	-70.000000	23.300000	17.111116	9
8	911206825	810248312	38.000000	-29.200000	8.800000	-38.000000	24.800000	19.181761	12
9	911206825	1164330860	70.000000	-34.000000	36.000000	-70.000000	22.800000	20.513316	10
10	911206825	2066005046	33.000000	-25.800000	7.200000	-33.000000	25.800000	11.542521	8
11	911206825	2139612955	69.000000	-38.500000	30.500000	-69.000000	23.200000	19.079167	10
12	911206825	1986554781	73.000000	-45.000000	28.000000	-73.000000	25.600000	25.328236	11
13	911206825	572567660	68.000000	-43.900000	24.100000	-68.000000	24.900000	17.969599	11
14	911206825	651132819	59.000000	-38.900000	20.100000	-59.000000	19.800000	15.688362	9
15	911206825	1507421048	62.000000	-43.000000	19.000000	-62.000000	26.700000	24.772424	12
16	911206825	339944177	58.000000	-39.200000	18.800000	-58.000000	25.400000	9.979627	7
17	911206825	1749548569	53.000000	-38.800000	14.200000	-53.000000	26.600000	17.763490	11
18	911206825	357872101	77.000000	-44.600000	32.400000	-77.000000	25.400000	26.386121	11
19	911206825	981770625	67.000000	-31.200000	35.800000	-67.000000	19.600000	22.391909	12
20	911206825	239689729	70.000000	-27.100000	42.900000	-70.000000	16.900000	20.341988	11
21	911206825	120883510	64.000000	-37.500000	26.500000	-64.000000	24.600000	14.202625	9
22	911206825	297226530	63.000000	-25.900000	37.100000	-63.000000	14.800000	28.147948	9
23	911206825	1001153309	63.000000	-58.100000	4.900000	-63.000000	34.200000	18.490231	10
24	911206825	1551211844	63.000000	-41.300000	21.700000	-63.000000	21.300000	15.634913	9
25	911206825	2001321286	68.000000	-42.200000	25.800000	-68.000000	23.200000	14.605547	9
26	911206825	117332452	86.000000	-44.700000	41.300000	-86.000000	20.400000	20.314086	9
27	911206825	46725834	50.000000	-40.700000	9.300000	-50.000000	25.700000	14.319199	11
28	911206825	1794728810	44.000000	-32.700000	11.300000	-44.000000	29.700000	16.167908	10
29	911206825	533602203	80.000000	-42.800000	37.200000	-80.000000	19.700000	22.383449	12
30	911206825	1847083097	84.000000	-43.900000	40.100000	-84.000000	21.200000	19.424766	10
31	911206825	766599213	80.000000	-48.300000	31.700000	-80.000000	22.200000	17.344830	9
32	911206825	1733760743	76.000000	-42.200000	33.800000	-76.000000	21.100000	14.183785	8
33	911206825	1887763987	63.000000	-50.300000	12.700000	-63.000000	34.200000	19.457569	10
34	911206825	113005033	54.000000	-31.000000	23.000000	-54.000000	23.400000	14.691011	9
35	911206825	1826134511	76.000000	-45.800000	30.200000	-76.000000	22.400000	22.294640	13
36	911206825	560999519	74.000000	-39.200000	34.800000	-74.000000	19.600000	16.685783	8
37	911206825	915851125	85.000000	-43.300000	41.700000	-85.000000	20.900000	26.664743	10
38	911206825	1981742729	71.000000	-47.100000	23.900000	-71.000000	24.200000	17.404767	10
39	911206825	505170512	67.000000	-45.300000	21.700000	-67.000000	26.600000	19.898496	10
40	911206825	1403832057	54.000000	-28.900000	25.100000	-54.000000	22.700000	15.680074	9
41	911206825	955582901	65.000000	-32.700000	32.300000	-65.000000	21.700000	17.140892	9
42	911206825	200149347	61.000000	-47.000000	14.000000	-61.000000	30.600000	20.762312	12
43	911206825	1780572387	51.000000	-36.500000	14.500000	-51.000000	22.200000	15.767908	7
44	911206825	83999904	84.000000	-43.500000	40.500000	-84.000000	21.000000	22.213413	11
45	911206825	554113429	65.000000	-48.500000	16.500000	-65.000000	28.500000	23.473942	13
46	911206825	665428713	77.000000	-56.800000	20.200000	-77.000000	28.900000	26.162253	11
47	911206825	1222375295	64.000000	-50.900000	13.100000	-64.000000	31.100000	16.294049	9
48	911206825	1798964317	71.000000	-32.200000	38.800000	-71.000000	18.600000	19.991714	11
49	911206825	554459695	69.000000	-27.100000	41.900000	-69.000000	17.500000	17.393987	10
0	101673257	1530676439	46.000000	-36.900000	9.100000	-46.000000	27.400000	15.778212	8
1	101673257	1792801311	22.000000	-25.900000	-3.900000	-22.000000	25.900000	10.101538	10
2	101673257	1580960378	43.000000	-47.700000	-4.700000	-43.000000	33.400000	10.904282	7
3	101673257	238027622	46.000000	-39.000000	7.000000	-46.000000	27.400000	10.082984	6
4	101673257	28880470	47.000000	-44.700000	2.300000	-47.000000	31.200000	12.995906	7
5	101673257	650525389	39.000000	-43.700000	-4.700000	-39.000000	29.800000	12.717801	7
6	101673257	1608368656	35.000000	-26.400000	8.600000	-35.000000	23.100000	9.422292	5
7	101673257	785091924	31.000000	-30.700000	0.300000	-31.000000	25.400000	6.290793	6
8	101673257	1851474958	31.000000	-35.700000	-4.700000	-31.000000	25.800000	12.603346	6
9	101673257	986379325	46.000000	-39.700000	6.300000	-46.000000	29.000000	14.865827	9
10	101673257	1179461784	33.000000	-40.900000	-7.900000	-33.000000	30.100000	17.693257	11
11	101673257	1824204992	40.000000	-41.700000	-1.700000	-40.000000	24.600000	14.317265	6
12	101673257	1738206694	40.000000	-28.700000	11.300000	-40.000000	24.100000	8.851452	6
13	101673257	1458434805	47.000000	-46.500000	0.500000	-47.000000	29.500000	14.676279	7
14	101673257	200590594	34.000000	-42.700000	-8.700000	-34.000000	27.300000	14.120669	8
15	101673257	624635413	42.000000	-25.200000	16.800000	-42.000000	24.400000	16.464232	9
16	101673257	963016787	47.000000	-35.500000	11.500000	-47.000000	25.600000	11.179865	6
17	101673257	805911777	25.000000	-30.100000	-5.100000	-25.000000	21.300000	6.562657	5
18	101673257	1125735325	43.000000	-39.000000	4.000000	-43.000000	26.200000	8.922624	6
19	101673257	1391871971	36.000000	-46.500000	-10.500000	-36.000000	35.300000	10.349225	6
20	101673257	1793666726	36.000000	-35.100000	0.900000	-36.000000	24.000000	11.897315	9
21	101673257	1937849927	49.000000	-46.300000	2.700000	-49.000000	32.200000	18.127732	9
22	101673257	210009162	38.000000	-44.400000	-6.400000	-38.000000	30.100000	13.949984	9
23	101673257	549926254	42.000000	-37.200000	4.800000	-42.000000	26.600000	14.556244	8
24	101673257	2039455595	40.000000	-37.500000	2.500000	-40.000000	36.700000	15.534865	8
25	101673257	1675190075	32.000000	-37.500000	-5.500000	-32.000000	32.900000	11.022518	8
26	101673257	373963390	43.000000	-47.700000	-4.700000	-43.000000	33.400000	17.761140	10
27	101673257	1509520100	44.000000	-49.100000	-5.100000	-44.000000	28.200000	13.787895	6
28	101673257	1646888659	40.000000	-30.000000	10.000000	-40.000000	29.200000	10.823790	6
29	101673257	583925940	35.000000	-45.700000	-10.700000	-35.000000	30.400000	11.191780	6
30	101673257	2086046713	42.000000	-41.100000	0.900000	-42.000000	30.500000	17.523658	10
31	101673257	1107151714	35.000000	-26.400000	8.600000	-35.000000	21.800000	6.779844	5
32	101673257	530965055	49.000000	-46.700000	2.300000	-49.000000	36.800000	8.915128	6
33	101673257	1027138033	41.000000	-49.600000	-8.600000	-41.000000	35.500000	11.855531	7
34	101673257	219107442	21.000000	-34.500000	-13.500000	-21.000000	34.500000	10.347992	7
35	101673257	1193791958	38.000000	-45.200000	-7.200000	-38.000000	31.800000	20.558215	8
36	101673257	1501965149	49.000000	-52.000000	-3.000000	-49.000000	37.900000	14.746746	8
37	101673257	1889856933	48.000000	-39.400000	8.600000	-48.000000	25.300000	13.142331	7
38	101673257	284688587	34.000000	-38.400000	-4.400000	-34.000000	28.300000	8.732963	6
39	101673257	27869638	36.000000	-39.300000	-3.300000	-36.000000	39.300000	15.590920	10
40	101673257	1120254910	40.000000	-36.000000	4.000000	-40.000000	23.400000	10.444782	6
41	101673257	1511419758	39.000000	-27.800000	11.200000	-39.000000	18.300000	8.623807	5
42	101673257	1155794416	46.000000	-33.500000	12.500000	-46.000000	25.700000	12.181746	7
43	101673257	27281908	34.000000	-26.500000	7.500000	-34.000000	23.600000	9.402650	6
44	101673257	613570461	44.000000	-55.800000	-11.800000	-44.000000	36.000000	16.960644	8
45	101673257	1227665527	40.000000	-43.600000	-3.600000	-40.000000	28.200000	17.320178	10
46	101673257	988067941	31.000000	-28.200000	2.800000	-31.000000	25.100000	11.255618	10
47	101673257	346930175	43.000000	-31.200000	11.800000	-43.000000	24.100000	7.963435	6
48	101673257	1054007743	25.000000	-27.900000	-2.900000	-25.000000	29.200000	9.935335	6
49	101673257	1382153603	46.000000	-36.900000	9.100000	-46.000000	27.400000	15.282182	7
0	1321207685	1594209792	66.000000	-67.100000	-1.100000	-66.000000	45.900000	16.676439	8
1	1321207685	280594890	67.000000	-39.100000	27.900000	-67.000000	27.100000	12.851213	8
2	1321207685	1479903209	42.000000	-34.100000	7.900000	-42.000000	24.900000	8.976959	6
3	1321207685	480259439	52.000000	-34.500000	17.500000	-52.000000	27.900000	5.798102	4
4	1321207685	2026192359	41.000000	-29.300000	11.700000	-41.000000	26.800000	10.456583	6
5	1321207685	184407892	62.000000	-35.700000	26.300000	-62.000000	27.300000	18.871404	8
6	1321207685	884279267	53.000000	-25.100000	27.900000	-53.000000	15.900000	14.298147	6
7	1321207685	389158316	58.000000	-27.300000	30.700000	-58.000000	18.100000	17.931025	7
8	1321207685	1162403565	64.000000	-40.200000	23.800000	-64.000000	29.000000	16.255767	8
9	1321207685	476136973	52.000000	-23.800000	28.200000	-52.000000	14.600000	10.423866	6
10	1321207685	940577113	66.000000	-46.300000	19.700000	-66.000000	33.400000	17.173169	8
11	1321207685	13235856	57.000000	-27.800000	29.200000	-57.000000	22.600000	11.451520	6
12	1321207685	377413023	44.000000	-43.300000	0.700000	-44.000000	31.100000	8.172122	6
13	1321207685	92938112	66.000000	-43.400000	22.600000	-66.000000	32.200000	17.517491	8
14	1321207685	432624448	65.000000	-35.900000	29.100000	-65.000000	23.000000	13.991539	8
15	1321207685	100072505	57.000000	-35.600000	21.400000	-57.000000	25.200000	13.490470	7
16	1321207685	405296915	44.000000	-55.800000	-11.800000	-44.000000	40.800000	6.902737	5
17	1321207685	80539278	68.000000	-34.800000	33.200000	-68.000000	21.900000	21.292020	11
18	1321207685	1277509871	50.000000	-36.700000	13.300000	-50.000000	25.900000	12.694246	6
19	1321207685	1143568462	65.000000	-40.400000	24.600000	-65.000000	27.500000	18.920225	8
20	1321207685	697708995	54.000000	-21.600000	32.400000	-54.000000	16.400000	13.620586	6
21	1321207685	2115498428	62.000000	-31.600000	30.400000	-62.000000	18.700000	19.013355	6
22	1321207685	1178392211	65.000000	-45.400000	19.600000	-65.000000	31.400000	17.852729	8
23	1321207685	1595558250	48.000000	-36.800000	11.200000	-48.000000	30.300000	12.718091	7
24	1321207685	1729820464	64.000000	-32.300000	31.700000	-64.000000	21.800000	14.674646	7
25	1321207685	1159837442	47.000000	-31.300000	15.700000	-47.000000	25.600000	15.892602	9
26	1321207685	2066466568	61.000000	-50.700000	10.300000	-61.000000	32.000000	15.820527	9
27	1321207685	679471621	60.000000	-30.400000	29.600000	-60.000000	19.600000	15.456687	7
28	1321207685	1038521543	58.000000	-33.000000	25.000000	-58.000000	26.200000	17.892208	7
29	1321207685	1343741828	62.000000	-50.800000	11.200000	-62.000000	34.800000	16.335726	11
30	1321207685	794759391	68.000000	-48.500000	19.500000	-68.000000	35.600000	17.554213	8
31	1321207685	656287798	62.000000	-42.600000	19.400000	-62.000000	28.600000	13.014242	7
32	1321207685	648086937	41.000000	-51.500000	-10.500000	-41.000000	33.700000	8.001594	6
33	1321207685	1135282631	44.000000	-44.500000	-0.500000	-44.000000	38.800000	12.933717	8
34	1321207685	413727641	53.000000	-36.100000	16.900000	-53.000000	28.300000	12.283562	6
35	1321207685	2128446526	53.000000	-36.500000	16.500000	-53.000000	30.500000	8.051848	5
36	1321207685	2025382651	70.000000	-36.600000	33.400000	-70.000000	25.400000	20.035320	10
37	1321207685	670361007	60.000000	-30.800000	29.200000	-60.000000	19.100000	18.309649	9
38	1321207685	1163885782	18.000000	-21.700000	-3.700000	-18.000000	21.200000	4.833275	4
39	1321207685	1681340420	51.000000	-32.600000	18.400000	-51.000000	20.300000	6.740393	5
40	1321207685	838524446	62.000000	-41.500000	20.500000	-62.000000	28.000000	14.690173	7
41	1321207685	676687777	62.000000	-42.100000	19.900000	-62.000000	22.800000	16.343871	8
42	1321207685	711591413	61.000000	-34.700000	26.300000	-61.000000	28.000000	17.619730	9
43	1321207685	1642260315	53.000000	-75.300000	-22.300000	-53.000000	51.800000	15.920632	9
44	1321207685	195502498	66.000000	-50.500000	15.500000	-66.000000	36.500000	16.807342	8
45	1321207685	117724029	58.000000	-51.400000	6.600000	-58.000000	36.200000	18.907334	9
46	1321207685	1875097821	70.000000	-45.000000	25.000000	-70.000000	32.100000	13.930138	8
47	1321207685	1213396278	36.000000	-42.100000	-6.100000	-36.000000	34.300000	6.774082	6
48	1321207685	1205443137	44.000000	-28.400000	15.600000	-44.000000	22.900000	5.617378	4
49	1321207685	1739814914	68.000000	-37.800000	30.200000	-68.000000	24.900000	25.146373	10
0	513213822	147414994	70.000000	-42.000000	28.000000	-70.000000	17.500000	11.013853	6
1	513213822	1315821653	76.000000	-41.600000	34.400000	-76.000000	20.700000	15.547688	8
2	513213822	430239219	76.000000	-28.500000	47.500000	-76.000000	12.500000	12.567899	7
3	513213822	1251362088	66.000000	-46.900000	19.100000	-66.000000	29.600000	21.684990	12
4	513213822	2128088347	44.000000	-35.600000	8.400000	-44.000000	23.300000	7.682979	6
5	513213822	1147257366	71.000000	-35.500000	35.500000	-71.000000	15.800000	17.919951	10
6	513213822	1495120493	58.000000	-45.100000	12.900000	-58.000000	28.000000	11.850883	7
7	513213822	552822193	83.000000	-28.800000	54.200000	-83.000000	12.800000	17.005156	8
8	513213822	355732628	70.000000	-33.000000	37.000000	-70.000000	14.400000	10.618529	6
9	513213822	317754641	82.000000	-44.400000	37.600000	-82.000000	23.000000	19.614773	9
10	513213822	1520459245	68.000000	-46.300000	21.700000	-68.000000	26.600000	13.180210	8
11	513213822	173787709	70.000000	-47.300000	22.700000	-70.000000	27.600000	18.154074	9
12	513213822	2006167463	44.000000	-44.300000	-0.300000	-44.000000	24.700000	12.195919	8
13	513213822	1960660305	33.000000	-25.400000	7.600000	-33.000000	19.700000	7.069439	6
14	513213822	745942745	42.000000	-35.000000	7.000000	-42.000000	24.700000	7.130341	6
15	513213822	1022542160	51.000000	-32.600000	18.400000	-51.000000	26.800000	12.047239	8
16	513213822	719677104	41.000000	-23.100000	17.900000	-41.000000	16.300000	6.194075	5
17	513213822	434517452	60.000000	-26.100000	33.900000	-60.000000	17.800000	10.980917	7
18	513213822	417286482	58.000000	-17.600000	40.400000	-58.000000	10.900000	10.318779	7
19	513213822	1384861902	75.000000	-36.800000	38.200000	-75.000000	21.700000	15.524923	8
20	513213822	1108138119	61.000000	-37.700000	23.300000	-61.000000	22.100000	16.798928	10
21	513213822	1664852521	83.000000	-43.200000	39.800000	-83.000000	22.900000	19.240397	9
22	513213822	289528402	78.000000	-40.800000	37.200000	-78.000000	22.100000	18.257805	9
23	513213822	1342083664	73.000000	-44.500000	28.500000	-73.000000	20.800000	16.639098	8
24	513213822	938713391	32.000000	-17.300000	14.700000	-32.000000	14.000000	5.627596	5
25	513213822	869730141	51.000000	-35.100000	15.900000	-51.000000	27.100000	13.360361	8
26	513213822	2134872877	82.000000	-26.500000	55.500000	-82.000000	10.000000	11.884085	6
27	513213822	1970829496	75.000000	-32.000000	43.000000	-75.000000	14.300000	12.716810	7
28	513213822	1455077877	46.000000	-26.200000	19.800000	-46.000000	15.600000	7.401187	5
29	513213822	1774636352	42.000000	-27.700000	14.300000	-42.000000	17.400000	8.505388	6
30	513213822	1934509209	71.000000	-48.400000	22.600000	-71.000000	28.700000	17.277306	9
31	513213822	153091365	40.000000	-30.500000	9.500000	-40.000000	20.200000	6.006313	5
32	513213822	1618577305	54.000000	-30.600000	23.400000	-54.000000	16.100000	12.687530	8
33	513213822	1126436915	53.000000	-22.100000	30.900000	-53.000000	12.800000	11.006355	8
34	513213822	521183679	85.000000	-39.700000	45.300000	-85.000000	15.000000	15.586896	7
35	513213822	891270364	23.000000	-28.200000	-5.200000	-23.000000	23.000000	5.377514	5
36	513213822	1855427249	90.000000	-46.700000	43.300000	-90.000000	23.800000	21.482503	8
37	513213822	856115484	43.000000	-17.100000	25.900000	-43.000000	11.900000	6.546295	5
38	513213822	877407211	75.000000	-27.400000	47.600000	-75.000000	13.100000	13.556222	7
39	513213822	1303629223	50.000000	-27.200000	22.800000	-50.000000	18.400000	12.910329	7
40	513213822	829285892	62.000000	-45.300000	16.700000	-62.000000	28.100000	13.976267	8
41	513213822	7397417	80.000000	-36.300000	43.700000	-80.000000	21.000000	25.375106	11
42	513213822	536429928	68.000000	-36.900000	31.100000	-68.000000	20.000000	14.767691	7
43	513213822	1669493784	69.000000	-39.300000	29.700000	-69.000000	15.200000	9.936960	5
44	513213822	1652364897	67.000000	-33.600000	33.400000	-67.000000	18.800000	12.399040	7
45	513213822	1924834647	41.000000	-35.000000	6.000000	-41.000000	25.700000	7.324258	5
46	513213822	730492170	68.000000	-36.400000	31.600000	-68.000000	20.600000	15.831225	8
47	513213822	1780719503	44.000000	-27.600000	16.400000	-44.000000	20.600000	10.471116	6
48	513213822	1478816124	70.000000	-39.500000	30.500000	-70.000000	20.200000	18.319639	9
49	513213822	1288122689	86.000000	-46.500000	39.500000	-86.000000	18.600000	17.418528	8
0	1428660591	2057381405	62.000000	-47.000000	15.000000	-62.000000	23.500000	11.582242	6
1	1428660591	516421768	75.000000	-60.100000	14.900000	-75.000000	29.200000	16.773238	7
2	1428660591	14673968	65.000000	-48.100000	16.900000	-65.000000	22.100000	10.787214	6
3	1428660591	959353022	56.000000	-47.200000	8.800000	-56.000000	21.800000	13.020825	7
4	1428660591	797476708	51.000000	-47.900000	3.100000	-51.000000	24.500000	6.813380	5
5	1428660591	249153940	69.000000	-44.400000	24.600000	-69.000000	22.200000	13.127472	7
6	1428660591	773788308	67.000000	-53.100000	13.900000	-67.000000	25.600000	17.535502	8
7	1428660591	1538010254	37.000000	-23.500000	13.500000	-37.000000	15.200000	9.108081	6
8	1428660591	1396952030	45.000000	-41.500000	3.500000	-45.000000	22.400000	9.491985	6
9	1428660591	812939045	61.000000	-47.400000	13.600000	-61.000000	23.400000	28.833949	7
10	1428660591	1782486767	63.000000	-61.000000	2.000000	-63.000000	26.000000	17.721618	10
11	1428660591	355295815	67.000000	-49.900000	17.100000	-67.000000	24.000000	8.676994	5
12	1428660591	1554821864	55.000000	-42.200000	12.800000	-55.000000	24.200000	8.276376	5
13	1428660591	1883417971	45.000000	-38.100000	6.900000	-45.000000	19.900000	8.479054	5
14	1428660591	470145545	69.000000	-59.300000	9.700000	-69.000000	27.400000	9.232985	5
15	1428660591	589764823	79.000000	-63.500000	15.500000	-79.000000	27.600000	13.530323	7
16	1428660591	245727432	79.000000	-67.600000	11.400000	-79.000000	32.700000	16.831024	7
17	1428660591	492279879	37.000000	-26.000000	11.000000	-37.000000	15.700000	7.275660	5
18	1428660591	265719441	40.000000	-36.600000	3.400000	-40.000000	17.900000	9.672136	6
19	1428660591	1881319629	48.000000	-42.300000	5.700000	-48.000000	22.400000	8.669726	5
20	1428660591	1705740980	54.000000	-31.500000	22.500000	-54.000000	17.700000	12.127742	7
21	1428660591	198136468	46.000000	-42.200000	3.800000	-46.000000	22.600000	13.998879	7
22	1428660591	668128741	75.000000	-59.200000	15.800000	-75.000000	28.000000	13.928923	8
23	1428660591	1219363112	67.000000	-51.300000	15.700000	-67.000000	27.900000	17.497945	10
24	1428660591	1739992239	69.000000	-49.000000	20.000000	-69.000000	20.800000	14.270053	8
25	1428660591	81132924	72.000000	-61.800000	10.200000	-72.000000	28.500000	18.411799	8
26	1428660591	1303267896	67.000000	-50.600000	16.400000	-67.000000	23.800000	13.937701	8
27	1428660591	745861469	55.000000	-40.400000	14.600000	-55.000000	21.800000	9.136548	6
28	1428660591	478619424	69.000000	-45.400000	23.600000	-69.000000	23.700000	17.410655	10
29	1428660591	994213838	72.000000	-53.200000	18.800000	-72.000000	21.800000	11.267346	6
30	1428660591	161410788	69.000000	-47.600000	21.400000	-69.000000	20.100000	14.250257	8
31	1428660591	411081970	76.000000	-72.100000	3.900000	-76.000000	33.500000	14.873326	9
32	1428660591	875651877	52.000000	-51.400000	0.600000	-52.000000	25.800000	7.261769	6
33	1428660591	1418849567	68.000000	-65.300000	2.700000	-68.000000	31.200000	14.440852	7
34	1428660591	998443629	67.000000	-74.200000	-7.200000	-67.000000	35.500000	14.412959	7
35	1428660591	1782191937	62.000000	-62.100000	-0.100000	-62.000000	29.700000	18.460746	10
36	1428660591	1966809288	66.000000	-36.700000	29.300000	-66.000000	18.300000	20.371762	9
37	1428660591	1655739593	66.000000	-59.700000	6.300000	-66.000000	27.400000	14.998616	6
38	1428660591	552658810	54.000000	-51.800000	2.200000	-54.000000	27.700000	12.169989	6
39	1428660591	1902978569	61.000000	-46.600000	14.400000	-61.000000	20.900000	13.711031	7
40	1428660591	1935706961	58.000000	-47.800000	10.200000	-58.000000	21.400000	10.737611	6
41	1428660591	1805498819	55.000000	-43.900000	11.100000	-55.000000	21.500000	14.014546	7
42	1428660591	344292737	72.000000	-58.400000	13.600000	-72.000000	26.800000	16.637574	8
43	1428660591	1915235643	70.000000	-48.500000	21.500000	-70.000000	21.800000	18.931703	9
44	1428660591	1268496208	58.000000	-43.500000	14.500000	-58.000000	22.200000	9.748491	6
45	1428660591	1352069512	67.000000	-55.100000	11.900000	-67.000000	25.300000	11.212101	5
46	1428660591	1214710667	78.000000	-61.600000	16.400000	-78.000000	26.000000	16.599474	7
47	1428660591	905330994	80.000000	-59.300000	20.700000	-80.000000	27.500000	17.739603	9
48	1428660591	834078629	66.000000	-62.100000	3.900000	-66.000000	28.600000	16.435470	8
49	1428660591	253242197	56.000000	-49.700000	6.300000	-56.000000	22.900000	9.833429	6
0	663775099	1357456601	29.000000	-37.600000	-8.600000	-29.000000	22.000000	12.318869	6
1	663775099	1106941223	35.000000	-35.700000	-0.700000	-35.000000	33.500000	17.058265	11
2	663775099	816828607	26.000000	-24.100000	1.900000	-26.000000	24.600000	11.208845	6
3	663775099	659596727	34.000000	-38.600000	-4.600000	-34.000000	33.200000	9.170153	6
4	663775099	1605881578	35.000000	-26.500000	8.500000	-35.000000	24.300000	11.162349	7
5	663775099	1642880611	28.000000	-28.500000	-0.500000	-28.000000	21.900000	9.706671	6
6	663775099	634103949	36.000000	-36.300000	-0.300000	-36.000000	31.800000	16.817801	8
7	663775099	2111542760	30.000000	-35.500000	-5.500000	-30.000000	27.700000	7.613225	5
8	663775099	1470429808	33.000000	-31.700000	1.300000	-33.000000	27.200000	6.569638	5
9	663775099	2055321906	27.000000	-21.300000	5.700000	-27.000000	19.000000	11.583020	8
10	663775099	2027092720	36.000000	-34.400000	1.600000	-36.000000	29.000000	12.397238	8
11	663775099	521584799	32.000000	-17.200000	14.800000	-32.000000	16.400000	8.579076	6
12	663775099	186647881	34.000000	-18.100000	15.900000	-34.000000	16.000000	11.202101	6
13	663775099	1786911960	33.000000	-43.800000	-10.800000	-33.000000	38.400000	14.095249	9
14	663775099	173798853	25.000000	-35.400000	-10.400000	-25.000000	27.200000	9.511034	6
15	663775099	1689613501	30.000000	-33.000000	-3.000000	-30.000000	30.400000	9.526049	6
16	663775099	2143535448	26.000000	-33.900000	-7.900000	-26.000000	31.700000	5.500221	5
17	663775099	1070509966	22.000000	-27.000000	-5.000000	-22.000000	25.600000	6.220915	5
18	663775099	1931169789	34.000000	-22.400000	11.600000	-34.000000	22.400000	12.778352	7
19	663775099	436626713	32.000000	-27.400000	4.600000	-32.000000	27.400000	14.318712	9
20	663775099	1737836479	30.000000	-49.800000	-19.800000	-30.000000	37.600000	12.325917	7
21	663775099	510094282	32.000000	-35.900000	-3.900000	-32.000000	26.100000	6.919149	5
22	663775099	1886719876	29.000000	-22.000000	7.000000	-29.000000	19.300000	11.062449	8
23	663775099	1662902943	33.000000	-18.300000	14.700000	-33.000000	15.800000	8.627789	6
24	663775099	261223401	32.000000	-23.400000	8.600000	-32.000000	21.200000	10.283010	8
25	663775099	1551347047	26.000000	-38.000000	-12.000000	-26.000000	32.600000	9.471442	6
26	663775099	1529281033	31.000000	-43.400000	-12.400000	-31.000000	32.900000	15.233345	8
27	663775099	1226178042	32.000000	-30.200000	1.800000	-32.000000	25.700000	19.974973	11
28	663775099	1598654239	34.000000	-41.600000	-7.600000	-34.000000	39.400000	18.604880	11
29	663775099	367994645	29.000000	-20.300000	8.700000	-29.000000	20.300000	12.734353	7
30	663775099	580496144	24.000000	-40.300000	-16.300000	-24.000000	34.900000	9.463546	7
31	663775099	825855783	28.000000	-16.600000	11.400000	-28.000000	12.500000	10.332519	5
32	663775099	1608610624	35.000000	-28.900000	6.100000	-35.000000	25.400000	9.942593	6
33	663775099	1707884356	38.000000	-24.700000	13.300000	-38.000000	21.200000	19.167384	8
34	663775099	738546698	31.000000	-19.600000	11.400000	-31.000000	19.600000	11.864435	7
35	663775099	177154142	32.000000	-60.800000	-28.800000	-32.000000	42.400000	9.309408	6
36	663775099	1333677772	37.000000	-26.600000	10.400000	-37.000000	23.100000	16.340878	8
37	663775099	853333557	27.000000	-30.000000	-3.000000	-27.000000	23.200000	9.808277	6
38	663775099	1295459017	29.000000	-26.000000	3.000000	-29.000000	22.000000	8.953814	6
39	663775099	383315558	29.000000	-34.200000	-5.200000	-29.000000	33.400000	6.120387	5
40	663775099	145780504	32.000000	-51.400000	-19.400000	-32.000000	39.500000	11.238073	7
41	663775099	291140027	37.000000	-32.600000	4.400000	-37.000000	30.400000	14.687093	10
42	663775099	1734627718	29.000000	-32.600000	-3.600000	-29.000000	26.600000	13.174546	7
43	663775099	1639864968	34.000000	-24.400000	9.600000	-34.000000	22.200000	12.753592	7
44	663775099	2082516136	31.000000	-42.100000	-11.100000	-31.000000	35.100000	9.074730	6
45	663775099	577164332	31.000000	-15.300000	15.700000	-31.000000	14.200000	8.560933	5
46	663775099	1729617311	34.000000	-22.400000	11.600000	-34.000000	22.400000	11.095937	8
47	663775099	980738796	34.000000	-14.800000	19.200000	-34.000000	14.300000	8.878183	6
48	663775099	626675099	29.000000	-25.200000	3.800000	-29.000000	26.100000	13.820361	8
49	663775099	370014308	33.000000	-26.000000	7.000000	-33.000000	21.900000	10.373584	6
0	585623259	1622554642	33.000000	-36.900000	-3.900000	-33.000000	27.000000	5.491334	5
1	585623259	1465117591	35.000000	-15.300000	19.700000	-35.000000	11.500000	4.793430	4
2	585623259	1471757191	73.000000	-92.900000	-19.900000	-73.000000	37.700000	14.883476	7
3	585623259	819037741	69.000000	-56.800000	12.200000	-69.000000	24.400000	11.103963	6
4	585623259	854587807	78.000000	-54.700000	23.300000	-78.000000	20.400000	14.494370	8
5	585623259	1866694440	83.000000	-80.100000	2.900000	-83.000000	30.600000	19.289986	10
6	585623259	1717567218	93.000000	-107.100000	-14.100000	-93.000000	39.600000	29.920214	12
7	585623259	1325588037	81.000000	-71.200000	9.800000	-81.000000	37.700000	12.553601	5
8	585623259	1640426819	57.000000	-50.500000	6.500000	-57.000000	23.500000	9.545130	5
9	585623259	2002714220	37.000000	-33.200000	3.800000	-37.000000	20.900000	9.609575	6
10	585623259	1579464490	53.000000	-46.300000	6.700000	-53.000000	27.900000	12.178181	6
11	585623259	1280684843	47.000000	-51.600000	-4.600000	-47.000000	25.000000	12.650805	7
12	585623259	1199374961	52.000000	-52.400000	-0.400000	-52.000000	25.400000	13.785928	7
13	585623259	378257752	84.000000	-91.800000	-7.800000	-84.000000	34.700000	15.917377	8
14	585623259	104116330	59.000000	-39.600000	19.400000	-59.000000	20.800000	10.089016	5
15	585623259	1471427564	59.000000	-76.900000	-17.900000	-59.000000	39.500000	10.504059	6
16	585623259	310780595	54.000000	-67.600000	-13.600000	-54.000000	26.200000	6.839426	3
17	585623259	28555312	74.000000	-66.600000	7.400000	-74.000000	32.700000	15.206584	8
18	585623259	1532393537	56.000000	-73.900000	-17.900000	-56.000000	38.500000	8.465432	5
19	585623259	104188222	86.000000	-81.400000	4.600000	-86.000000	37.900000	16.025616	7
20	585623259	568302403	39.000000	-41.400000	-2.400000	-39.000000	28.000000	10.991529	7
21	585623259	1035736973	93.000000	-72.000000	21.000000	-93.000000	27.900000	16.266819	8
22	585623259	2026281884	74.000000	-71.900000	2.100000	-74.000000	37.200000	14.475618	7
23	585623259	1829581838	57.000000	-63.800000	-6.800000	-57.000000	33.100000	14.112977	10
24	585623259	754150866	57.000000	-46.000000	11.000000	-57.000000	26.800000	11.691842	7
25	585623259	1424894699	74.000000	-55.800000	18.200000	-74.000000	20.400000	22.059833	10
26	585623259	1349962553	79.000000	-90.100000	-11.100000	-79.000000	37.500000	16.585412	6
27	585623259	585323899	86.000000	-84.000000	2.000000	-86.000000	35.900000	19.812852	9
28	585623259	362580422	78.000000	-53.700000	24.300000	-78.000000	28.000000	17.074695	7
29	585623259	485445714	80.000000	-81.100000	-1.100000	-80.000000	35.300000	18.372139	7
30	585623259	1167354247	81.000000	-86.100000	-5.100000	-81.000000	36.400000	17.645924	7
31	585623259	1519099154	59.000000	-50.600000	8.400000	-59.000000	28.000000	11.093848	7
32	585623259	545320418	70.000000	-87.400000	-17.400000	-70.000000	42.100000	19.334334	9
33	585623259	1359289164	59.000000	-80.900000	-21.900000	-59.000000	39.500000	7.400096	5
34	585623259	1406894046	72.000000	-74.400000	-2.400000	-72.000000	36.300000	20.541925	9
35	585623259	966730077	52.000000	-62.800000	-10.800000	-52.000000	38.700000	13.288263	7
36	585623259	1100394739	91.000000	-110.000000	-19.000000	-91.000000	47.600000	15.205892	7
37	585623259	520265877	82.000000	-82.200000	-0.200000	-82.000000	29.100000	15.824288	8
38	585623259	1507531516	55.000000	-52.800000	2.200000	-55.000000	25.800000	13.094422	8
39	585623259	1915444718	85.000000	-74.900000	10.100000	-85.000000	31.200000	15.551466	6
40	585623259	810087349	66.000000	-54.500000	11.500000	-66.000000	25.000000	11.776821	5
41	585623259	1406920924	76.000000	-82.500000	-6.500000	-76.000000	36.000000	16.140178	8
42	585623259	1542459763	59.000000	-32.800000	26.200000	-59.000000	16.800000	7.224225	5
43	585623259	2135006038	71.000000	-73.900000	-2.900000	-71.000000	34.200000	9.599193	5
44	585623259	273791310	49.000000	-27.800000	21.200000	-49.000000	15.300000	6.747521	4
45	585623259	394038275	58.000000	-43.000000	15.000000	-58.000000	19.000000	10.054052	5
46	585623259	693841923	65.000000	-42.900000	22.100000	-65.000000	20.400000	13.997610	8
47	585623259	819199507	51.000000	-73.700000	-22.700000	-51.000000	32.300000	6.014954	4
48	585623259	704489871	78.000000	-80.000000	-2.000000	-78.000000	36.400000	20.587163	10
49	585623259	505312605	39.000000	-32.400000	6.600000	-39.000000	17.700000	8.330747	5
0	880267106	1929828142	70.000000	-64.000000	6.000000	-70.000000	27.800000	13.932859	6
1	880267106	1134827410	81.000000	-58.400000	22.600000	-81.000000	27.600000	17.234486	8
2	880267106	955754282	76.000000	-51.000000	25.000000	-76.000000	25.100000	13.402962	7
3	880267106	1055067801	85.000000	-53.700000	31.300000	-85.000000	24.900000	18.125609	7
4	880267106	1679253341	62.000000	-41.400000	20.600000	-62.000000	18.900000	12.831895	7
5	880267106	38018395	57.000000	-52.100000	4.900000	-57.000000	24.900000	6.994222	5
6	880267106	1394366133	61.000000	-42.400000	18.600000	-61.000000	25.300000	16.499154	9
7	880267106	1718523243	87.000000	-45.100000	41.900000	-87.000000	20.600000	11.231253	6
8	880267106	712212122	83.000000	-60.300000	22.700000	-83.000000	28.200000	18.742376	9
9	880267106	1974678358	59.000000	-40.600000	18.400000	-59.000000	20.400000	10.831917	6
10	880267106	2136104099	78.000000	-69.500000	8.500000	-78.000000	27.900000	11.356587	7
11	880267106	166642670	22.000000	-23.000000	-1.000000	-22.000000	20.400000	10.979592	8
12	880267106	434010534	81.000000	-74.100000	6.900000	-81.000000	31.500000	34.583439	9
13	880267106	1959255765	62.000000	-30.000000	32.000000	-62.000000	15.400000	22.018170	6
14	880267106	562621978	74.000000	-60.400000	13.600000	-74.000000	28.300000	20.320997	7
15	880267106	1014984768	68.000000	-57.700000	10.300000	-68.000000	26.600000	23.564316	8
16	880267106	1371363449	47.000000	-48.600000	-1.600000	-47.000000	22.600000	17.282756	4
17	880267106	1091399117	68.000000	-46.100000	21.900000	-68.000000	30.400000	25.928410	14
18	880267106	191767879	75.000000	-59.300000	15.700000	-75.000000	25.600000	14.849668	7
19	880267106	423537919	71.000000	-51.500000	19.500000	-71.000000	20.700000	15.948138	7
20	880267106	1182577820	71.000000	-84.900000	-13.900000	-71.000000	43.600000	19.486954	10
21	880267106	329152689	66.000000	-45.800000	20.200000	-66.000000	19.900000	10.237903	5
22	880267106	1125811498	53.000000	-24.000000	29.000000	-53.000000	16.300000	9.005826	6
23	880267106	717626928	73.000000	-47.800000	25.200000	-73.000000	24.600000	13.102251	7
24	880267106	1739141429	44.000000	-24.400000	19.600000	-44.000000	16.000000	10.905914	6
25	880267106	1775651577	30.000000	-19.200000	10.800000	-30.000000	17.600000	3.650567	3
26	880267106	1576117465	58.000000	-68.300000	-10.300000	-58.000000	30.400000	11.041972	5
27	880267106	805418764	87.000000	-70.200000	16.800000	-87.000000	31.400000	27.262131	10
28	880267106	929536501	46.000000	-23.000000	23.000000	-46.000000	15.900000	9.523708	5
29	880267106	248394889	80.000000	-53.800000	26.200000	-80.000000	26.400000	19.166911	8
30	880267106	1110770233	79.000000	-79.000000	0.000000	-79.000000	38.000000	21.935971	9
31	880267106	1974001429	77.000000	-53.100000	23.900000	-77.000000	22.000000	10.783559	5
32	880267106	815376868	83.000000	-62.000000	21.000000	-83.000000	26.400000	20.647179	7
33	880267106	675005375	79.000000	-57.500000	21.500000	-79.000000	22.900000	17.698865	8
34	880267106	342228405	68.000000	-57.700000	10.300000	-68.000000	27.600000	10.932624	6
35	880267106	1061093166	73.000000	-89.500000	-16.500000	-73.000000	41.000000	25.958220	11
36	880267106	1436318688	70.000000	-63.300000	6.700000	-70.000000	34.300000	20.049967	9
37	880267106	1793385908	80.000000	-53.800000	26.200000	-80.000000	26.400000	13.462620	7
38	880267106	1010040252	61.000000	-54.200000	6.800000	-61.000000	30.600000	20.329425	10
39	880267106	1377859318	72.000000	-55.800000	16.200000	-72.000000	26.600000	13.159081	6
40	880267106	841850975	65.000000	-75.900000	-10.900000	-65.000000	40.800000	10.890408	6
41	880267106	209645488	54.000000	-60.300000	-6.300000	-54.000000	33.800000	15.179236	7
42	880267106	1196669214	48.000000	-48.400000	-0.400000	-48.000000	23.800000	8.452245	5
43	880267106	549517798	78.000000	-51.600000	26.400000	-78.000000	24.000000	12.182882	6
44	880267106	2141445497	79.000000	-71.700000	7.300000	-79.000000	29.000000	20.136870	9
45	880267106	242061560	65.000000	-63.000000	2.000000	-65.000000	28.600000	17.781742	9
46	880267106	2134682357	66.000000	-71.100000	-5.100000	-66.000000	34.000000	10.933795	6
47	880267106	1407210809	52.000000	-45.200000	6.800000	-52.000000	25.900000	11.793564	6
48	880267106	1934136938	62.000000	-47.500000	14.500000	-62.000000	20.700000	10.717190	6
49	880267106	376875838	80.000000	-75.300000	4.700000	-80.000000	34.000000	14.862599	7
