NumRep	MapSeed	InitStratSeed	BikeProfit	TransportCosts	TotalProfit	FinalHeuristic	TotalDistance	ExecutionTime	NodesExpanded
0	410179656	2053268836	78.000000	-27.900000	50.100000	-78.000000	19.100000	25.964132	6
1	410179656	799088081	78.000000	-27.900000	50.100000	-78.000000	19.100000	28.325212	6
2	410179656	1059872195	78.000000	-27.900000	50.100000	-78.000000	19.100000	27.601744	6
3	410179656	1319046157	78.000000	-27.900000	50.100000	-78.000000	19.100000	20.356411	6
4	410179656	1726069351	78.000000	-27.900000	50.100000	-78.000000	19.100000	22.322618	6
5	410179656	717139450	78.000000	-27.900000	50.100000	-78.000000	19.100000	19.245165	6
6	410179656	400960490	78.000000	-27.900000	50.100000	-78.000000	19.100000	19.947099	6
7	410179656	2056509036	78.000000	-27.900000	50.100000	-78.000000	19.100000	20.378999	6
8	410179656	291028520	78.000000	-27.900000	50.100000	-78.000000	19.100000	18.990825	6
9	410179656	1978957322	78.000000	-27.900000	50.100000	-78.000000	19.100000	18.760487	6
10	410179656	942434212	78.000000	-27.900000	50.100000	-78.000000	19.100000	18.983572	6
11	410179656	2087510339	78.000000	-27.900000	50.100000	-78.000000	19.100000	25.970559	6
12	410179656	1840988730	78.000000	-27.900000	50.100000	-78.000000	19.100000	18.211845	6
13	410179656	93233162	78.000000	-27.900000	50.100000	-78.000000	19.100000	17.715052	6
14	410179656	2066957144	78.000000	-27.900000	50.100000	-78.000000	19.100000	21.558421	6
15	410179656	965101517	78.000000	-27.900000	50.100000	-78.000000	19.100000	23.145780	6
16	410179656	1041166808	78.000000	-27.900000	50.100000	-78.000000	19.100000	18.052981	6
17	410179656	191844731	78.000000	-27.900000	50.100000	-78.000000	19.100000	17.926010	6
18	410179656	943337557	78.000000	-27.900000	50.100000	-78.000000	19.100000	17.749486	6
19	410179656	169164614	78.000000	-27.900000	50.100000	-78.000000	19.100000	20.481780	6
20	410179656	841668435	78.000000	-27.900000	50.100000	-78.000000	19.100000	17.654836	6
21	410179656	1875976830	78.000000	-27.900000	50.100000	-78.000000	19.100000	23.669123	6
22	410179656	397834596	78.000000	-27.900000	50.100000	-78.000000	19.100000	26.458270	6
23	410179656	1235055307	78.000000	-27.900000	50.100000	-78.000000	19.100000	36.472042	6
24	410179656	1969900046	78.000000	-27.900000	50.100000	-78.000000	19.100000	27.217905	6
25	410179656	1693369605	78.000000	-27.900000	50.100000	-78.000000	19.100000	18.424979	6
26	410179656	1765786451	78.000000	-27.900000	50.100000	-78.000000	19.100000	19.620903	6
27	410179656	1241417128	78.000000	-27.900000	50.100000	-78.000000	19.100000	24.843625	6
28	410179656	509100646	78.000000	-27.900000	50.100000	-78.000000	19.100000	18.417550	6
29	410179656	1570604340	78.000000	-27.900000	50.100000	-78.000000	19.100000	18.877727	6
30	410179656	160658945	78.000000	-27.900000	50.100000	-78.000000	19.100000	18.386100	6
31	410179656	1157021531	78.000000	-27.900000	50.100000	-78.000000	19.100000	19.152950	6
32	410179656	267917394	78.000000	-27.900000	50.100000	-78.000000	19.100000	21.873517	6
33	410179656	1132947122	78.000000	-27.900000	50.100000	-78.000000	19.100000	19.544798	6
34	410179656	497290853	78.000000	-27.900000	50.100000	-78.000000	19.100000	18.862653	6
35	410179656	647487085	78.000000	-27.900000	50.100000	-78.000000	19.100000	18.545678	6
36	410179656	1274062779	78.000000	-27.900000	50.100000	-78.000000	19.100000	21.904284	6
37	410179656	1381100925	78.000000	-27.900000	50.100000	-78.000000	19.100000	18.975834	6
38	410179656	826889923	78.000000	-27.900000	50.100000	-78.000000	19.100000	19.493672	6
39	410179656	2110460888	78.000000	-27.900000	50.100000	-78.000000	19.100000	19.642898	6
40	410179656	2021580249	78.000000	-27.900000	50.100000	-78.000000	19.100000	19.007748	6
41	410179656	2040433778	78.000000	-27.900000	50.100000	-78.000000	19.100000	31.650235	6
42	410179656	633768149	78.000000	-27.900000	50.100000	-78.000000	19.100000	36.528878	6
43	410179656	111224361	78.000000	-27.900000	50.100000	-78.000000	19.100000	20.820258	6
44	410179656	1957998316	78.000000	-27.900000	50.100000	-78.000000	19.100000	18.571458	6
45	410179656	410107081	78.000000	-27.900000	50.100000	-78.000000	19.100000	18.583198	6
46	410179656	1308317298	78.000000	-27.900000	50.100000	-78.000000	19.100000	18.378150	6
47	410179656	483114293	78.000000	-27.900000	50.100000	-78.000000	19.100000	20.595639	6
48	410179656	1093235513	78.000000	-27.900000	50.100000	-78.000000	19.100000	18.287389	6
49	410179656	1227734342	78.000000	-27.900000	50.100000	-78.000000	19.100000	18.857994	6
0	1579791630	906893396	97.000000	-37.800000	59.200000	-97.000000	16.700000	23.619652	6
1	1579791630	341701298	97.000000	-37.800000	59.200000	-97.000000	16.700000	21.120790	6
2	1579791630	1381700694	97.000000	-37.800000	59.200000	-97.000000	16.700000	20.784887	6
3	1579791630	1381434883	97.000000	-37.800000	59.200000	-97.000000	16.700000	20.650089	6
4	1579791630	1141925316	97.000000	-37.800000	59.200000	-97.000000	16.700000	19.960337	6
5	1579791630	888364070	97.000000	-37.800000	59.200000	-97.000000	16.700000	22.202784	6
6	1579791630	132321312	97.000000	-37.800000	59.200000	-97.000000	16.700000	20.286979	6
7	1579791630	178032884	97.000000	-37.800000	59.200000	-97.000000	16.700000	20.006384	6
8	1579791630	1737219207	97.000000	-37.800000	59.200000	-97.000000	16.700000	20.370831	6
9	1579791630	453160670	97.000000	-37.800000	59.200000	-97.000000	16.700000	19.876639	6
10	1579791630	106267464	97.000000	-37.800000	59.200000	-97.000000	16.700000	21.838131	6
11	1579791630	784518606	97.000000	-37.800000	59.200000	-97.000000	16.700000	19.948383	6
12	1579791630	1617450854	97.000000	-37.800000	59.200000	-97.000000	16.700000	20.446164	6
13	1579791630	165840350	97.000000	-37.800000	59.200000	-97.000000	16.700000	20.876985	6
14	1579791630	262471178	97.000000	-37.800000	59.200000	-97.000000	16.700000	21.018677	6
15	1579791630	1081462468	97.000000	-37.800000	59.200000	-97.000000	16.700000	21.823963	6
16	1579791630	1345215886	97.000000	-37.800000	59.200000	-97.000000	16.700000	20.272656	6
17	1579791630	2118420670	97.000000	-37.800000	59.200000	-97.000000	16.700000	21.519001	6
18	1579791630	140217510	97.000000	-37.800000	59.200000	-97.000000	16.700000	20.602467	6
19	1579791630	2000005	97.000000	-37.800000	59.200000	-97.000000	16.700000	20.274851	6
20	1579791630	508374131	97.000000	-37.800000	59.200000	-97.000000	16.700000	22.244451	6
21	1579791630	1130400148	97.000000	-37.800000	59.200000	-97.000000	16.700000	20.500227	6
22	1579791630	1299068696	97.000000	-37.800000	59.200000	-97.000000	16.700000	20.750038	6
23	1579791630	463105902	97.000000	-37.800000	59.200000	-97.000000	16.700000	20.835539	6
24	1579791630	1180625956	97.000000	-37.800000	59.200000	-97.000000	16.700000	20.328203	6
25	1579791630	1861093668	97.000000	-37.800000	59.200000	-97.000000	16.700000	22.581878	6
26	1579791630	1154033605	97.000000	-37.800000	59.200000	-97.000000	16.700000	20.327808	6
27	1579791630	692074654	97.000000	-37.800000	59.200000	-97.000000	16.700000	19.971545	6
28	1579791630	1929906716	97.000000	-37.800000	59.200000	-97.000000	16.700000	20.771124	6
29	1579791630	1481712987	97.000000	-37.800000	59.200000	-97.000000	16.700000	21.142225	6
30	1579791630	2013363169	97.000000	-37.800000	59.200000	-97.000000	16.700000	21.509995	6
31	1579791630	1155937010	97.000000	-37.800000	59.200000	-97.000000	16.700000	20.790703	6
32	1579791630	514767861	97.000000	-37.800000	59.200000	-97.000000	16.700000	20.407364	6
33	1579791630	1728048364	97.000000	-37.800000	59.200000	-97.000000	16.700000	20.355869	6
34	1579791630	691648889	97.000000	-37.800000	59.200000	-97.000000	16.700000	20.549079	6
35	1579791630	1178584388	97.000000	-37.800000	59.200000	-97.000000	16.700000	23.288832	6
36	1579791630	2112334807	97.000000	-37.800000	59.200000	-97.000000	16.700000	21.065764	6
37	1579791630	801447528	97.000000	-37.800000	59.200000	-97.000000	16.700000	20.615938	6
38	1579791630	1726344873	97.000000	-37.800000	59.200000	-97.000000	16.700000	21.059439	6
39	1579791630	1032239828	97.000000	-37.800000	59.200000	-97.000000	16.700000	20.282724	6
40	1579791630	907332302	97.000000	-37.800000	59.200000	-97.000000	16.700000	21.236041	6
41	1579791630	1210403886	97.000000	-37.800000	59.200000	-97.000000	16.700000	20.087635	6
42	1579791630	733772332	97.000000	-37.800000	59.200000	-97.000000	16.700000	19.292530	6
43	1579791630	755334246	97.000000	-37.800000	59.200000	-97.000000	16.700000	19.321461	6
44	1579791630	1431522403	97.000000	-37.800000	59.200000	-97.000000	16.700000	18.834109	6
45	1579791630	2060151310	97.000000	-37.800000	59.200000	-97.000000	16.700000	21.284735	6
46	1579791630	348158317	97.000000	-37.800000	59.200000	-97.000000	16.700000	19.278451	6
47	1579791630	1404514902	97.000000	-37.800000	59.200000	-97.000000	16.700000	18.986343	6
48	1579791630	662030775	97.000000	-37.800000	59.200000	-97.000000	16.700000	19.353034	6
49	1579791630	528597721	97.000000	-37.800000	59.200000	-97.000000	16.700000	19.483891	6
0	133477094	496372089	89.000000	-70.100000	18.900000	-89.000000	27.900000	20.641335	6
1	133477094	1478962268	89.000000	-70.100000	18.900000	-89.000000	27.900000	22.105516	6
2	133477094	108592432	89.000000	-70.100000	18.900000	-89.000000	27.900000	19.945208	6
3	133477094	920480982	89.000000	-70.100000	18.900000	-89.000000	27.900000	20.972748	6
4	133477094	399289157	89.000000	-70.100000	18.900000	-89.000000	27.900000	20.526441	6
5	133477094	993353727	89.000000	-70.100000	18.900000	-89.000000	27.900000	20.474388	6
6	133477094	95001797	89.000000	-70.100000	18.900000	-89.000000	27.900000	21.616585	6
7	133477094	123153673	89.000000	-70.100000	18.900000	-89.000000	27.900000	23.329885	6
8	133477094	426103711	89.000000	-70.100000	18.900000	-89.000000	27.900000	20.450568	6
9	133477094	813042979	89.000000	-70.100000	18.900000	-89.000000	27.900000	20.326083	6
10	133477094	604805725	89.000000	-70.100000	18.900000	-89.000000	27.900000	20.977490	6
11	133477094	634674194	89.000000	-70.100000	18.900000	-89.000000	27.900000	19.886930	6
12	133477094	58268168	89.000000	-70.100000	18.900000	-89.000000	27.900000	26.494110	6
13	133477094	876804398	89.000000	-70.100000	18.900000	-89.000000	27.900000	26.667596	6
14	133477094	588672949	89.000000	-70.100000	18.900000	-89.000000	27.900000	21.282344	6
15	133477094	327040886	89.000000	-70.100000	18.900000	-89.000000	27.900000	20.452056	6
16	133477094	1819908741	89.000000	-70.100000	18.900000	-89.000000	27.900000	21.573942	6
17	133477094	1919254972	89.000000	-70.100000	18.900000	-89.000000	27.900000	21.096938	6
18	133477094	1152728756	89.000000	-70.100000	18.900000	-89.000000	27.900000	20.972400	6
19	133477094	1504612771	89.000000	-70.100000	18.900000	-89.000000	27.900000	22.789203	6
20	133477094	386717105	89.000000	-70.100000	18.900000	-89.000000	27.900000	26.592060	6
21	133477094	1627750381	89.000000	-70.100000	18.900000	-89.000000	27.900000	20.835556	6
22	133477094	1680639412	89.000000	-70.100000	18.900000	-89.000000	27.900000	20.259954	6
23	133477094	1226922451	89.000000	-70.100000	18.900000	-89.000000	27.900000	21.278340	6
24	133477094	132414173	89.000000	-70.100000	18.900000	-89.000000	27.900000	20.461492	6
25	133477094	819549260	89.000000	-70.100000	18.900000	-89.000000	27.900000	21.759129	6
26	133477094	305806515	89.000000	-70.100000	18.900000	-89.000000	27.900000	20.980356	6
27	133477094	1884449337	89.000000	-70.100000	18.900000	-89.000000	27.900000	20.914898	6
28	133477094	1896880269	89.000000	-70.100000	18.900000	-89.000000	27.900000	20.644843	6
29	133477094	2056526112	89.000000	-70.100000	18.900000	-89.000000	27.900000	19.340225	6
30	133477094	1028283263	89.000000	-70.100000	18.900000	-89.000000	27.900000	18.633546	6
31	133477094	332630011	89.000000	-70.100000	18.900000	-89.000000	27.900000	22.112267	6
32	133477094	584824469	89.000000	-70.100000	18.900000	-89.000000	27.900000	19.256634	6
33	133477094	875495016	89.000000	-70.100000	18.900000	-89.000000	27.900000	18.533099	6
34	133477094	1646118387	89.000000	-70.100000	18.900000	-89.000000	27.900000	17.818117	6
35	133477094	537410169	89.000000	-70.100000	18.900000	-89.000000	27.900000	17.737325	6
36	133477094	1072715408	89.000000	-70.100000	18.900000	-89.000000	27.900000	17.931966	6
37	133477094	1330302038	89.000000	-70.100000	18.900000	-89.000000	27.900000	21.430376	6
38	133477094	149529083	89.000000	-70.100000	18.900000	-89.000000	27.900000	19.744740	6
39	133477094	743719477	89.000000	-70.100000	18.900000	-89.000000	27.900000	20.174217	6
40	133477094	336289179	89.000000	-70.100000	18.900000	-89.000000	27.900000	19.391355	6
41	133477094	1820757919	89.000000	-70.100000	18.900000	-89.000000	27.900000	18.708579	6
42	133477094	1855198195	89.000000	-70.100000	18.900000	-89.000000	27.900000	17.853537	6
43	133477094	1013561411	89.000000	-70.100000	18.900000	-89.000000	27.900000	23.374352	6
44	133477094	574743847	89.000000	-70.100000	18.900000	-89.000000	27.900000	20.040994	6
45	133477094	1313368984	89.000000	-70.100000	18.900000	-89.000000	27.900000	20.325114	6
46	133477094	693331240	89.000000	-70.100000	18.900000	-89.000000	27.900000	20.838600	6
47	133477094	1963185543	89.000000	-70.100000	18.900000	-89.000000	27.900000	20.957745	6
48	133477094	1231353112	89.000000	-70.100000	18.900000	-89.000000	27.900000	20.308647	6
49	133477094	672503350	89.000000	-70.100000	18.900000	-89.000000	27.900000	21.166763	6
0	835693683	1051005366	92.000000	-53.600000	38.400000	-92.000000	23.100000	21.109978	6
1	835693683	462523642	92.000000	-53.600000	38.400000	-92.000000	23.100000	22.071679	6
2	835693683	1730392524	92.000000	-53.600000	38.400000	-92.000000	23.100000	20.279715	6
3	835693683	191174821	92.000000	-53.600000	38.400000	-92.000000	23.100000	20.280927	6
4	835693683	1617141149	92.000000	-53.600000	38.400000	-92.000000	23.100000	20.354239	6
5	835693683	1275045099	92.000000	-53.600000	38.400000	-92.000000	23.100000	20.096785	6
6	835693683	522169507	92.000000	-53.600000	38.400000	-92.000000	23.100000	20.300373	6
7	835693683	1070606614	92.000000	-53.600000	38.400000	-92.000000	23.100000	22.872125	6
8	835693683	2051511448	92.000000	-53.600000	38.400000	-92.000000	23.100000	20.441822	6
9	835693683	2144924370	92.000000	-53.600000	38.400000	-92.000000	23.100000	20.226057	6
10	835693683	1798920615	92.000000	-53.600000	38.400000	-92.000000	23.100000	20.097148	6
11	835693683	426764618	92.000000	-53.600000	38.400000	-92.000000	23.100000	20.196149	6
12	835693683	838333077	92.000000	-53.600000	38.400000	-92.000000	23.100000	21.788155	6
13	835693683	1857946140	92.000000	-53.600000	38.400000	-92.000000	23.100000	23.062969	6
14	835693683	1304265625	92.000000	-53.600000	38.400000	-92.000000	23.100000	21.143081	6
15	835693683	1088118744	92.000000	-53.600000	38.400000	-92.000000	23.100000	20.123580	6
16	835693683	25444796	92.000000	-53.600000	38.400000	-92.000000	23.100000	19.813859	6
17	835693683	8599812	92.000000	-53.600000	38.400000	-92.000000	23.100000	19.808752	6
18	835693683	1451729396	92.000000	-53.600000	38.400000	-92.000000	23.100000	21.726422	6
19	835693683	2024946946	92.000000	-53.600000	38.400000	-92.000000	23.100000	18.886833	6
20	835693683	82846261	92.000000	-53.600000	38.400000	-92.000000	23.100000	18.515405	6
21	835693683	1186189881	92.000000	-53.600000	38.400000	-92.000000	23.100000	18.431781	6
22	835693683	259429603	92.000000	-53.600000	38.400000	-92.000000	23.100000	18.528338	6
23	835693683	1624123704	92.000000	-53.600000	38.400000	-92.000000	23.100000	18.263466	6
24	835693683	1852864779	92.000000	-53.600000	38.400000	-92.000000	23.100000	22.755469	6
25	835693683	1166195854	92.000000	-53.600000	38.400000	-92.000000	23.100000	22.774696	6
26	835693683	1208322207	92.000000	-53.600000	38.400000	-92.000000	23.100000	22.200341	6
27	835693683	685275387	92.000000	-53.600000	38.400000	-92.000000	23.100000	21.699154	6
28	835693683	384255933	92.000000	-53.600000	38.400000	-92.000000	23.100000	21.422580	6
29	835693683	1157522938	92.000000	-53.600000	38.400000	-92.000000	23.100000	21.200215	6
30	835693683	1634074458	92.000000	-53.600000	38.400000	-92.000000	23.100000	24.007665	6
31	835693683	57232195	92.000000	-53.600000	38.400000	-92.000000	23.100000	20.513468	6
32	835693683	1691036440	92.000000	-53.600000	38.400000	-92.000000	23.100000	21.170558	6
33	835693683	1224502157	92.000000	-53.600000	38.400000	-92.000000	23.100000	20.715877	6
34	835693683	722994783	92.000000	-53.600000	38.400000	-92.000000	23.100000	20.653558	6
35	835693683	1249185319	92.000000	-53.600000	38.400000	-92.000000	23.100000	21.329436	6
36	835693683	2085061325	92.000000	-53.600000	38.400000	-92.000000	23.100000	25.073746	6
37	835693683	1204958053	92.000000	-53.600000	38.400000	-92.000000	23.100000	20.663518	6
38	835693683	43880440	92.000000	-53.600000	38.400000	-92.000000	23.100000	21.445979	6
39	835693683	963472387	92.000000	-53.600000	38.400000	-92.000000	23.100000	20.749401	6
40	835693683	1476542647	92.000000	-53.600000	38.400000	-92.000000	23.100000	20.575661	6
41	835693683	1167027686	92.000000	-53.600000	38.400000	-92.000000	23.100000	20.543666	6
42	835693683	1065744109	92.000000	-53.600000	38.400000	-92.000000	23.100000	23.132792	6
43	835693683	1763352895	92.000000	-53.600000	38.400000	-92.000000	23.100000	20.941502	6
44	835693683	177496005	92.000000	-53.600000	38.400000	-92.000000	23.100000	20.708917	6
45	835693683	454000277	92.000000	-53.600000	38.400000	-92.000000	23.100000	20.447137	6
46	835693683	2142153310	92.000000	-53.600000	38.400000	-92.000000	23.100000	20.514759	6
47	835693683	1423063267	92.000000	-53.600000	38.400000	-92.000000	23.100000	21.090612	6
48	835693683	2103575462	92.000000	-53.600000	38.400000	-92.000000	23.100000	23.782805	6
49	835693683	1708576107	92.000000	-53.600000	38.400000	-92.000000	23.100000	20.442294	6
0	197925380	848315014	76.000000	-27.100000	48.900000	-76.000000	15.300000	18.525427	6
1	197925380	1848451492	76.000000	-27.100000	48.900000	-76.000000	15.300000	20.834400	6
2	197925380	1799569451	76.000000	-27.100000	48.900000	-76.000000	15.300000	19.417821	6
3	197925380	2060185756	76.000000	-27.100000	48.900000	-76.000000	15.300000	19.804869	6
4	197925380	707335043	76.000000	-27.100000	48.900000	-76.000000	15.300000	19.974596	6
5	197925380	1529614591	76.000000	-27.100000	48.900000	-76.000000	15.300000	21.350797	6
6	197925380	921041694	76.000000	-27.100000	48.900000	-76.000000	15.300000	18.989194	6
7	197925380	982151573	76.000000	-27.100000	48.900000	-76.000000	15.300000	31.056833	6
8	197925380	1559399974	76.000000	-27.100000	48.900000	-76.000000	15.300000	30.972533	6
9	197925380	1058411008	76.000000	-27.100000	48.900000	-76.000000	15.300000	24.817310	6
10	197925380	1819826041	76.000000	-27.100000	48.900000	-76.000000	15.300000	21.588279	6
11	197925380	2083365408	76.000000	-27.100000	48.900000	-76.000000	15.300000	21.378877	6
12	197925380	1837625958	76.000000	-27.100000	48.900000	-76.000000	15.300000	19.875087	6
13	197925380	1719163879	76.000000	-27.100000	48.900000	-76.000000	15.300000	26.323047	6
14	197925380	1654212138	76.000000	-27.100000	48.900000	-76.000000	15.300000	20.951331	6
15	197925380	244139431	76.000000	-27.100000	48.900000	-76.000000	15.300000	19.891654	6
16	197925380	125179997	76.000000	-27.100000	48.900000	-76.000000	15.300000	19.681595	6
17	197925380	1722066071	76.000000	-27.100000	48.900000	-76.000000	15.300000	20.625139	6
18	197925380	960024954	76.000000	-27.100000	48.900000	-76.000000	15.300000	19.337037	6
19	197925380	1199704360	76.000000	-27.100000	48.900000	-76.000000	15.300000	19.573630	6
20	197925380	2123164836	76.000000	-27.100000	48.900000	-76.000000	15.300000	20.511538	6
21	197925380	486670562	76.000000	-27.100000	48.900000	-76.000000	15.300000	19.035622	6
22	197925380	1920740847	76.000000	-27.100000	48.900000	-76.000000	15.300000	19.004315	6
23	197925380	438113989	76.000000	-27.100000	48.900000	-76.000000	15.300000	18.312263	6
24	197925380	1332434604	76.000000	-27.100000	48.900000	-76.000000	15.300000	19.033481	6
25	197925380	1466067857	76.000000	-27.100000	48.900000	-76.000000	15.300000	19.149170	6
26	197925380	219853993	76.000000	-27.100000	48.900000	-76.000000	15.300000	24.894224	6
27	197925380	8835442	76.000000	-27.100000	48.900000	-76.000000	15.300000	20.240360	6
28	197925380	1999275252	76.000000	-27.100000	48.900000	-76.000000	15.300000	18.427016	6
29	197925380	1917449222	76.000000	-27.100000	48.900000	-76.000000	15.300000	18.294665	6
30	197925380	1869136707	76.000000	-27.100000	48.900000	-76.000000	15.300000	18.022897	6
31	197925380	1212266298	76.000000	-27.100000	48.900000	-76.000000	15.300000	27.577454	6
32	197925380	263037628	76.000000	-27.100000	48.900000	-76.000000	15.300000	18.669226	6
33	197925380	179607086	76.000000	-27.100000	48.900000	-76.000000	15.300000	21.464061	6
34	197925380	1139115502	76.000000	-27.100000	48.900000	-76.000000	15.300000	20.336258	6
35	197925380	170814825	76.000000	-27.100000	48.900000	-76.000000	15.300000	20.468981	6
36	197925380	1773860173	76.000000	-27.100000	48.900000	-76.000000	15.300000	27.022782	6
37	197925380	629651843	76.000000	-27.100000	48.900000	-76.000000	15.300000	30.290470	6
38	197925380	1304471654	76.000000	-27.100000	48.900000	-76.000000	15.300000	21.324383	6
39	197925380	105771960	76.000000	-27.100000	48.900000	-76.000000	15.300000	19.431058	6
40	197925380	2107859279	76.000000	-27.100000	48.900000	-76.000000	15.300000	18.766888	6
41	197925380	1736202285	76.000000	-27.100000	48.900000	-76.000000	15.300000	18.872618	6
42	197925380	896331584	76.000000	-27.100000	48.900000	-76.000000	15.300000	19.282904	6
43	197925380	1038024349	76.000000	-27.100000	48.900000	-76.000000	15.300000	18.833095	6
44	197925380	2128435095	76.000000	-27.100000	48.900000	-76.000000	15.300000	19.479689	6
45	197925380	619630202	76.000000	-27.100000	48.900000	-76.000000	15.300000	20.665373	6
46	197925380	1525987664	76.000000	-27.100000	48.900000	-76.000000	15.300000	19.499755	6
47	197925380	2098428849	76.000000	-27.100000	48.900000	-76.000000	15.300000	19.866638	6
48	197925380	647506710	76.000000	-27.100000	48.900000	-76.000000	15.300000	18.761172	6
49	197925380	832655845	76.000000	-27.100000	48.900000	-76.000000	15.300000	19.629444	6
0	1068145833	1700012596	80.000000	-66.100000	13.900000	-80.000000	27.000000	21.077491	6
1	1068145833	1604451028	80.000000	-66.100000	13.900000	-80.000000	27.000000	18.648715	6
2	1068145833	129504202	80.000000	-66.100000	13.900000	-80.000000	27.000000	18.831288	6
3	1068145833	453504758	80.000000	-66.100000	13.900000	-80.000000	27.000000	18.648757	6
4	1068145833	1294529890	80.000000	-66.100000	13.900000	-80.000000	27.000000	25.050401	6
5	1068145833	1170934399	80.000000	-66.100000	13.900000	-80.000000	27.000000	18.211051	6
6	1068145833	1442141993	80.000000	-66.100000	13.900000	-80.000000	27.000000	18.222569	6
7	1068145833	1278862569	80.000000	-66.100000	13.900000	-80.000000	27.000000	19.635792	6
8	1068145833	2135016474	80.000000	-66.100000	13.900000	-80.000000	27.000000	18.272532	6
9	1068145833	95282189	80.000000	-66.100000	13.900000	-80.000000	27.000000	18.173131	6
10	1068145833	394540512	80.000000	-66.100000	13.900000	-80.000000	27.000000	18.582372	6
11	1068145833	1232825129	80.000000	-66.100000	13.900000	-80.000000	27.000000	20.798188	6
12	1068145833	1487800730	80.000000	-66.100000	13.900000	-80.000000	27.000000	18.275047	6
13	1068145833	1701198849	80.000000	-66.100000	13.900000	-80.000000	27.000000	21.194315	6
14	1068145833	1734981959	80.000000	-66.100000	13.900000	-80.000000	27.000000	18.443516	6
15	1068145833	722034919	80.000000	-66.100000	13.900000	-80.000000	27.000000	18.266304	6
16	1068145833	1536969924	80.000000	-66.100000	13.900000	-80.000000	27.000000	21.516468	6
17	1068145833	1795004715	80.000000	-66.100000	13.900000	-80.000000	27.000000	32.292489	6
18	1068145833	422511329	80.000000	-66.100000	13.900000	-80.000000	27.000000	30.879802	6
19	1068145833	1811866986	80.000000	-66.100000	13.900000	-80.000000	27.000000	22.628919	6
20	1068145833	396649422	80.000000	-66.100000	13.900000	-80.000000	27.000000	34.689269	6
21	1068145833	1099000232	80.000000	-66.100000	13.900000	-80.000000	27.000000	21.206341	6
22	1068145833	63210318	80.000000	-66.100000	13.900000	-80.000000	27.000000	19.382847	6
23	1068145833	967803308	80.000000	-66.100000	13.900000	-80.000000	27.000000	19.141167	6
24	1068145833	861855228	80.000000	-66.100000	13.900000	-80.000000	27.000000	19.309497	6
25	1068145833	1246658826	80.000000	-66.100000	13.900000	-80.000000	27.000000	19.989315	6
26	1068145833	73193979	80.000000	-66.100000	13.900000	-80.000000	27.000000	23.528878	6
27	1068145833	1680160983	80.000000	-66.100000	13.900000	-80.000000	27.000000	20.579121	6
28	1068145833	1959172068	80.000000	-66.100000	13.900000	-80.000000	27.000000	21.049938	6
29	1068145833	349633729	80.000000	-66.100000	13.900000	-80.000000	27.000000	19.470563	6
30	1068145833	1368152990	80.000000	-66.100000	13.900000	-80.000000	27.000000	19.072994	6
31	1068145833	1767342631	80.000000	-66.100000	13.900000	-80.000000	27.000000	18.934418	6
32	1068145833	2021750539	80.000000	-66.100000	13.900000	-80.000000	27.000000	19.059516	6
33	1068145833	449286673	80.000000	-66.100000	13.900000	-80.000000	27.000000	22.005157	6
34	1068145833	328876713	80.000000	-66.100000	13.900000	-80.000000	27.000000	18.927383	6
35	1068145833	1380985313	80.000000	-66.100000	13.900000	-80.000000	27.000000	18.867470	6
36	1068145833	1322077198	80.000000	-66.100000	13.900000	-80.000000	27.000000	18.767382	6
37	1068145833	370229967	80.000000	-66.100000	13.900000	-80.000000	27.000000	18.497174	6
38	1068145833	126911825	80.000000	-66.100000	13.900000	-80.000000	27.000000	19.175208	6
39	1068145833	1796414204	80.000000	-66.100000	13.900000	-80.000000	27.000000	21.545134	6
40	1068145833	1869471431	80.000000	-66.100000	13.900000	-80.000000	27.000000	19.024800	6
41	1068145833	301759162	80.000000	-66.100000	13.900000	-80.000000	27.000000	18.884441	6
42	1068145833	926373300	80.000000	-66.100000	13.900000	-80.000000	27.000000	18.773417	6
43	1068145833	1136529239	80.000000	-66.100000	13.900000	-80.000000	27.000000	22.210995	6
44	1068145833	1687757088	80.000000	-66.100000	13.900000	-80.000000	27.000000	19.840903	6
45	1068145833	2013959383	80.000000	-66.100000	13.900000	-80.000000	27.000000	18.562117	6
46	1068145833	147408970	80.000000	-66.100000	13.900000	-80.000000	27.000000	20.389882	6
47	1068145833	1660234252	80.000000	-66.100000	13.900000	-80.000000	27.000000	18.431641	6
48	1068145833	796822100	80.000000	-66.100000	13.900000	-80.000000	27.000000	18.347572	6
49	1068145833	1292552342	80.000000	-66.100000	13.900000	-80.000000	27.000000	18.556137	6
0	1950082913	114490328	71.000000	-33.700000	37.300000	-71.000000	19.900000	20.693210	6
1	1950082913	1622308073	71.000000	-33.700000	37.300000	-71.000000	19.900000	22.374111	6
2	1950082913	2093217236	71.000000	-33.700000	37.300000	-71.000000	19.900000	20.335340	6
3	1950082913	699162479	71.000000	-33.700000	37.300000	-71.000000	19.900000	21.482204	6
4	1950082913	1224800810	71.000000	-33.700000	37.300000	-71.000000	19.900000	21.082730	6
5	1950082913	1467309648	71.000000	-33.700000	37.300000	-71.000000	19.900000	19.995156	6
6	1950082913	739500497	71.000000	-33.700000	37.300000	-71.000000	19.900000	19.391837	6
7	1950082913	1526136357	71.000000	-33.700000	37.300000	-71.000000	19.900000	19.243208	6
8	1950082913	167915521	71.000000	-33.700000	37.300000	-71.000000	19.900000	21.451042	6
9	1950082913	672681526	71.000000	-33.700000	37.300000	-71.000000	19.900000	19.061191	6
10	1950082913	1608573092	71.000000	-33.700000	37.300000	-71.000000	19.900000	18.933160	6
11	1950082913	589727079	71.000000	-33.700000	37.300000	-71.000000	19.900000	18.802195	6
12	1950082913	1039472314	71.000000	-33.700000	37.300000	-71.000000	19.900000	19.017808	6
13	1950082913	148271746	71.000000	-33.700000	37.300000	-71.000000	19.900000	18.486926	6
14	1950082913	2120886252	71.000000	-33.700000	37.300000	-71.000000	19.900000	20.042028	6
15	1950082913	1629274265	71.000000	-33.700000	37.300000	-71.000000	19.900000	19.054097	6
16	1950082913	242425121	71.000000	-33.700000	37.300000	-71.000000	19.900000	18.023060	6
17	1950082913	1320270220	71.000000	-33.700000	37.300000	-71.000000	19.900000	19.597940	6
18	1950082913	1756717671	71.000000	-33.700000	37.300000	-71.000000	19.900000	19.070532	6
19	1950082913	1299567431	71.000000	-33.700000	37.300000	-71.000000	19.900000	18.788952	6
20	1950082913	230424876	71.000000	-33.700000	37.300000	-71.000000	19.900000	23.960642	6
21	1950082913	330755236	71.000000	-33.700000	37.300000	-71.000000	19.900000	21.438273	6
22	1950082913	227433806	71.000000	-33.700000	37.300000	-71.000000	19.900000	22.399740	6
23	1950082913	975882646	71.000000	-33.700000	37.300000	-71.000000	19.900000	20.439528	6
24	1950082913	1643843764	71.000000	-33.700000	37.300000	-71.000000	19.900000	20.521075	6
25	1950082913	586281991	71.000000	-33.700000	37.300000	-71.000000	19.900000	20.344973	6
26	1950082913	1935088995	71.000000	-33.700000	37.300000	-71.000000	19.900000	21.924264	6
27	1950082913	834588341	71.000000	-33.700000	37.300000	-71.000000	19.900000	21.565287	6
28	1950082913	184242905	71.000000	-33.700000	37.300000	-71.000000	19.900000	20.780003	6
29	1950082913	284115402	71.000000	-33.700000	37.300000	-71.000000	19.900000	20.320372	6
30	1950082913	189619375	71.000000	-33.700000	37.300000	-71.000000	19.900000	20.054261	6
31	1950082913	1302596715	71.000000	-33.700000	37.300000	-71.000000	19.900000	20.918958	6
32	1950082913	2050988430	71.000000	-33.700000	37.300000	-71.000000	19.900000	21.248255	6
33	1950082913	105342256	71.000000	-33.700000	37.300000	-71.000000	19.900000	20.145519	6
34	1950082913	1888120668	71.000000	-33.700000	37.300000	-71.000000	19.900000	19.979484	6
35	1950082913	69546570	71.000000	-33.700000	37.300000	-71.000000	19.900000	20.555235	6
36	1950082913	1595112091	71.000000	-33.700000	37.300000	-71.000000	19.900000	20.003994	6
37	1950082913	340903389	71.000000	-33.700000	37.300000	-71.000000	19.900000	20.021508	6
38	1950082913	1487048880	71.000000	-33.700000	37.300000	-71.000000	19.900000	22.798491	6
39	1950082913	180397304	71.000000	-33.700000	37.300000	-71.000000	19.900000	21.322367	6
40	1950082913	1170878615	71.000000	-33.700000	37.300000	-71.000000	19.900000	20.936540	6
41	1950082913	1924892418	71.000000	-33.700000	37.300000	-71.000000	19.900000	20.305749	6
42	1950082913	1936234837	71.000000	-33.700000	37.300000	-71.000000	19.900000	20.356005	6
43	1950082913	981620019	71.000000	-33.700000	37.300000	-71.000000	19.900000	21.193210	6
44	1950082913	2063623389	71.000000	-33.700000	37.300000	-71.000000	19.900000	21.829619	6
45	1950082913	1063228241	71.000000	-33.700000	37.300000	-71.000000	19.900000	20.199297	6
46	1950082913	1123752842	71.000000	-33.700000	37.300000	-71.000000	19.900000	20.455746	6
47	1950082913	680083322	71.000000	-33.700000	37.300000	-71.000000	19.900000	20.429264	6
48	1950082913	156622822	71.000000	-33.700000	37.300000	-71.000000	19.900000	20.175300	6
49	1950082913	1214041796	71.000000	-33.700000	37.300000	-71.000000	19.900000	19.967044	6
0	600444519	299910370	78.000000	-53.600000	24.400000	-78.000000	26.800000	21.167887	6
1	600444519	1763394682	78.000000	-53.600000	24.400000	-78.000000	26.800000	19.896695	6
2	600444519	511282363	78.000000	-53.600000	24.400000	-78.000000	26.800000	19.561390	6
3	600444519	1862545433	78.000000	-53.600000	24.400000	-78.000000	26.800000	19.544798	6
4	600444519	268784461	78.000000	-53.600000	24.400000	-78.000000	26.800000	20.284974	6
5	600444519	1636273699	78.000000	-53.600000	24.400000	-78.000000	26.800000	20.068319	6
6	600444519	2005028675	78.000000	-53.600000	24.400000	-78.000000	26.800000	21.900888	6
7	600444519	629615033	78.000000	-53.600000	24.400000	-78.000000	26.800000	19.947955	6
8	600444519	325653101	78.000000	-53.600000	24.400000	-78.000000	26.800000	20.547055	6
9	600444519	1043173012	78.000000	-53.600000	24.400000	-78.000000	26.800000	20.069707	6
10	600444519	1588468611	78.000000	-53.600000	24.400000	-78.000000	26.800000	21.927703	6
11	600444519	422924813	78.000000	-53.600000	24.400000	-78.000000	26.800000	22.471312	6
12	600444519	412308491	78.000000	-53.600000	24.400000	-78.000000	26.800000	23.342001	6
13	600444519	1048717578	78.000000	-53.600000	24.400000	-78.000000	26.800000	21.091290	6
14	600444519	1460610313	78.000000	-53.600000	24.400000	-78.000000	26.800000	19.868990	6
15	600444519	720831824	78.000000	-53.600000	24.400000	-78.000000	26.800000	18.774455	6
16	600444519	327674964	78.000000	-53.600000	24.400000	-78.000000	26.800000	18.998107	6
17	600444519	1605244238	78.000000	-53.600000	24.400000	-78.000000	26.800000	18.336029	6
18	600444519	579157067	78.000000	-53.600000	24.400000	-78.000000	26.800000	20.600789	6
19	600444519	1709907786	78.000000	-53.600000	24.400000	-78.000000	26.800000	17.770412	6
20	600444519	795144384	78.000000	-53.600000	24.400000	-78.000000	26.800000	17.629194	6
21	600444519	1525567754	78.000000	-53.600000	24.400000	-78.000000	26.800000	20.498404	6
22	600444519	1404617173	78.000000	-53.600000	24.400000	-78.000000	26.800000	19.589255	6
23	600444519	1691697463	78.000000	-53.600000	24.400000	-78.000000	26.800000	18.763942	6
24	600444519	793878485	78.000000	-53.600000	24.400000	-78.000000	26.800000	21.221723	6
25	600444519	1956214900	78.000000	-53.600000	24.400000	-78.000000	26.800000	20.477476	6
26	600444519	1690878398	78.000000	-53.600000	24.400000	-78.000000	26.800000	22.141326	6
27	600444519	613908178	78.000000	-53.600000	24.400000	-78.000000	26.800000	20.450587	6
28	600444519	2066411494	78.000000	-53.600000	24.400000	-78.000000	26.800000	19.827269	6
29	600444519	612304815	78.000000	-53.600000	24.400000	-78.000000	26.800000	20.483501	6
30	600444519	1994995316	78.000000	-53.600000	24.400000	-78.000000	26.800000	21.766215	6
31	600444519	45904786	78.000000	-53.600000	24.400000	-78.000000	26.800000	19.661609	6
32	600444519	1660602059	78.000000	-53.600000	24.400000	-78.000000	26.800000	19.773300	6
33	600444519	569738493	78.000000	-53.600000	24.400000	-78.000000	26.800000	19.746252	6
34	600444519	1238267085	78.000000	-53.600000	24.400000	-78.000000	26.800000	22.206512	6
35	600444519	582402006	78.000000	-53.600000	24.400000	-78.000000	26.800000	20.327851	6
36	600444519	417781932	78.000000	-53.600000	24.400000	-78.000000	26.800000	19.647706	6
37	600444519	1938591785	78.000000	-53.600000	24.400000	-78.000000	26.800000	20.379688	6
38	600444519	409124508	78.000000	-53.600000	24.400000	-78.000000	26.800000	19.646831	6
39	600444519	1142615593	78.000000	-53.600000	24.400000	-78.000000	26.800000	19.479048	6
40	600444519	1239691173	78.000000	-53.600000	24.400000	-78.000000	26.800000	19.599112	6
41	600444519	1274535363	78.000000	-53.600000	24.400000	-78.000000	26.800000	19.999856	6
42	600444519	1524825558	78.000000	-53.600000	24.400000	-78.000000	26.800000	19.551888	6
43	600444519	934854837	78.000000	-53.600000	24.400000	-78.000000	26.800000	22.200851	6
44	600444519	438065896	78.000000	-53.600000	24.400000	-78.000000	26.800000	19.363972	6
45	600444519	996677404	78.000000	-53.600000	24.400000	-78.000000	26.800000	23.229587	6
46	600444519	1965008982	78.000000	-53.600000	24.400000	-78.000000	26.800000	20.695168	6
47	600444519	421062210	78.000000	-53.600000	24.400000	-78.000000	26.800000	19.342154	6
48	600444519	445728160	78.000000	-53.600000	24.400000	-78.000000	26.800000	18.971849	6
49	600444519	237413279	78.000000	-53.600000	24.400000	-78.000000	26.800000	23.090163	6
0	2140441359	1654031227	91.000000	-98.300000	-7.300000	-91.000000	40.000000	19.503052	6
1	2140441359	1501748485	91.000000	-98.300000	-7.300000	-91.000000	40.000000	19.105774	6
2	2140441359	1005996229	91.000000	-98.300000	-7.300000	-91.000000	40.000000	20.337912	6
3	2140441359	518339265	91.000000	-98.300000	-7.300000	-91.000000	40.000000	22.731803	6
4	2140441359	1055522502	91.000000	-98.300000	-7.300000	-91.000000	40.000000	19.699224	6
5	2140441359	1320871563	91.000000	-98.300000	-7.300000	-91.000000	40.000000	19.331739	6
6	2140441359	1776861651	91.000000	-98.300000	-7.300000	-91.000000	40.000000	18.899291	6
7	2140441359	2014547864	91.000000	-98.300000	-7.300000	-91.000000	40.000000	18.631739	6
8	2140441359	1145727024	91.000000	-98.300000	-7.300000	-91.000000	40.000000	18.756230	6
9	2140441359	894257289	91.000000	-98.300000	-7.300000	-91.000000	40.000000	20.998941	6
10	2140441359	833343109	91.000000	-98.300000	-7.300000	-91.000000	40.000000	19.280684	6
11	2140441359	1827376581	91.000000	-98.300000	-7.300000	-91.000000	40.000000	19.739566	6
12	2140441359	1209926126	91.000000	-98.300000	-7.300000	-91.000000	40.000000	19.443212	6
13	2140441359	6308899	91.000000	-98.300000	-7.300000	-91.000000	40.000000	19.451399	6
14	2140441359	1850385888	91.000000	-98.300000	-7.300000	-91.000000	40.000000	18.595489	6
15	2140441359	782866947	91.000000	-98.300000	-7.300000	-91.000000	40.000000	19.022303	6
16	2140441359	147033041	91.000000	-98.300000	-7.300000	-91.000000	40.000000	24.179197	6
17	2140441359	1001149914	91.000000	-98.300000	-7.300000	-91.000000	40.000000	19.691483	6
18	2140441359	1893276143	91.000000	-98.300000	-7.300000	-91.000000	40.000000	19.878441	6
19	2140441359	534821439	91.000000	-98.300000	-7.300000	-91.000000	40.000000	20.271889	6
20	2140441359	187873354	91.000000	-98.300000	-7.300000	-91.000000	40.000000	21.123026	6
21	2140441359	786484195	91.000000	-98.300000	-7.300000	-91.000000	40.000000	23.174695	6
22	2140441359	715006185	91.000000	-98.300000	-7.300000	-91.000000	40.000000	23.204487	6
23	2140441359	1095328057	91.000000	-98.300000	-7.300000	-91.000000	40.000000	21.643265	6
24	2140441359	129894890	91.000000	-98.300000	-7.300000	-91.000000	40.000000	19.434790	6
25	2140441359	63702712	91.000000	-98.300000	-7.300000	-91.000000	40.000000	19.386592	6
26	2140441359	504252115	91.000000	-98.300000	-7.300000	-91.000000	40.000000	19.945374	6
27	2140441359	1223058007	91.000000	-98.300000	-7.300000	-91.000000	40.000000	20.322566	6
28	2140441359	297474172	91.000000	-98.300000	-7.300000	-91.000000	40.000000	22.582998	6
29	2140441359	353656580	91.000000	-98.300000	-7.300000	-91.000000	40.000000	19.769440	6
30	2140441359	430638691	91.000000	-98.300000	-7.300000	-91.000000	40.000000	19.723875	6
31	2140441359	2031946715	91.000000	-98.300000	-7.300000	-91.000000	40.000000	19.528899	6
32	2140441359	2037792216	91.000000	-98.300000	-7.300000	-91.000000	40.000000	19.248284	6
33	2140441359	401520101	91.000000	-98.300000	-7.300000	-91.000000	40.000000	21.822751	6
34	2140441359	763103940	91.000000	-98.300000	-7.300000	-91.000000	40.000000	20.115352	6
35	2140441359	66939667	91.000000	-98.300000	-7.300000	-91.000000	40.000000	22.984959	6
36	2140441359	259435553	91.000000	-98.300000	-7.300000	-91.000000	40.000000	19.620207	6
37	2140441359	1407167377	91.000000	-98.300000	-7.300000	-91.000000	40.000000	18.968989	6
38	2140441359	1299666920	91.000000	-98.300000	-7.300000	-91.000000	40.000000	18.855296	6
39	2140441359	832026380	91.000000	-98.300000	-7.300000	-91.000000	40.000000	19.732198	6
40	2140441359	1807215227	91.000000	-98.300000	-7.300000	-91.000000	40.000000	19.673633	6
41	2140441359	271875713	91.000000	-98.300000	-7.300000	-91.000000	40.000000	22.274105	6
42	2140441359	684547235	91.000000	-98.300000	-7.300000	-91.000000	40.000000	19.975280	6
43	2140441359	517727252	91.000000	-98.300000	-7.300000	-91.000000	40.000000	19.200822	6
44	2140441359	723368348	91.000000	-98.300000	-7.300000	-91.000000	40.000000	22.248589	6
45	2140441359	1199608738	91.000000	-98.300000	-7.300000	-91.000000	40.000000	20.458464	6
46	2140441359	1739451373	91.000000	-98.300000	-7.300000	-91.000000	40.000000	19.543441	6
47	2140441359	1025531606	91.000000	-98.300000	-7.300000	-91.000000	40.000000	21.162091	6
48	2140441359	956785210	91.000000	-98.300000	-7.300000	-91.000000	40.000000	18.636450	6
49	2140441359	235709536	91.000000	-98.300000	-7.300000	-91.000000	40.000000	18.660279	6
0	1963503508	75647391	88.000000	-76.700000	11.300000	-88.000000	29.600000	19.307254	6
1	1963503508	1552999142	88.000000	-76.700000	11.300000	-88.000000	29.600000	18.735341	6
2	1963503508	1306500230	88.000000	-76.700000	11.300000	-88.000000	29.600000	19.061228	6
3	1963503508	1241341746	88.000000	-76.700000	11.300000	-88.000000	29.600000	18.959468	6
4	1963503508	1861866740	88.000000	-76.700000	11.300000	-88.000000	29.600000	18.888705	6
5	1963503508	942090907	88.000000	-76.700000	11.300000	-88.000000	29.600000	21.186170	6
6	1963503508	1148268855	88.000000	-76.700000	11.300000	-88.000000	29.600000	18.550330	6
7	1963503508	756391102	88.000000	-76.700000	11.300000	-88.000000	29.600000	18.491215	6
8	1963503508	1297468866	88.000000	-76.700000	11.300000	-88.000000	29.600000	18.979213	6
9	1963503508	391564284	88.000000	-76.700000	11.300000	-88.000000	29.600000	18.045705	6
10	1963503508	2077019343	88.000000	-76.700000	11.300000	-88.000000	29.600000	17.984633	6
11	1963503508	2031089668	88.000000	-76.700000	11.300000	-88.000000	29.600000	20.895315	6
12	1963503508	749959532	88.000000	-76.700000	11.300000	-88.000000	29.600000	18.739600	6
13	1963503508	2030305186	88.000000	-76.700000	11.300000	-88.000000	29.600000	18.136851	6
14	1963503508	1772187482	88.000000	-76.700000	11.300000	-88.000000	29.600000	18.234191	6
15	1963503508	1723923618	88.000000	-76.700000	11.300000	-88.000000	29.600000	18.109863	6
16	1963503508	158429282	88.000000	-76.700000	11.300000	-88.000000	29.600000	19.864872	6
17	1963503508	1121828517	88.000000	-76.700000	11.300000	-88.000000	29.600000	20.951651	6
18	1963503508	1980314734	88.000000	-76.700000	11.300000	-88.000000	29.600000	18.827692	6
19	1963503508	1069645850	88.000000	-76.700000	11.300000	-88.000000	29.600000	19.308364	6
20	1963503508	1695750576	88.000000	-76.700000	11.300000	-88.000000	29.600000	18.861496	6
21	1963503508	1450954466	88.000000	-76.700000	11.300000	-88.000000	29.600000	19.708216	6
22	1963503508	1231110915	88.000000	-76.700000	11.300000	-88.000000	29.600000	19.098903	6
23	1963503508	1935164083	88.000000	-76.700000	11.300000	-88.000000	29.600000	18.938037	6
24	1963503508	1918913903	88.000000	-76.700000	11.300000	-88.000000	29.600000	21.810760	6
25	1963503508	515455428	88.000000	-76.700000	11.300000	-88.000000	29.600000	22.704546	6
26	1963503508	1190683659	88.000000	-76.700000	11.300000	-88.000000	29.600000	19.655384	6
27	1963503508	1912502625	88.000000	-76.700000	11.300000	-88.000000	29.600000	18.835752	6
28	1963503508	1142825302	88.000000	-76.700000	11.300000	-88.000000	29.600000	18.937619	6
29	1963503508	695216141	88.000000	-76.700000	11.300000	-88.000000	29.600000	18.944418	6
30	1963503508	1774273108	88.000000	-76.700000	11.300000	-88.000000	29.600000	22.025616	6
31	1963503508	1626619532	88.000000	-76.700000	11.300000	-88.000000	29.600000	18.842030	6
32	1963503508	962452171	88.000000	-76.700000	11.300000	-88.000000	29.600000	18.840416	6
33	1963503508	1633429484	88.000000	-76.700000	11.300000	-88.000000	29.600000	19.201995	6
34	1963503508	1356157164	88.000000	-76.700000	11.300000	-88.000000	29.600000	18.996241	6
35	1963503508	284814222	88.000000	-76.700000	11.300000	-88.000000	29.600000	18.862174	6
36	1963503508	1694436139	88.000000	-76.700000	11.300000	-88.000000	29.600000	25.011097	6
37	1963503508	1334303264	88.000000	-76.700000	11.300000	-88.000000	29.600000	18.808768	6
38	1963503508	1446337424	88.000000	-76.700000	11.300000	-88.000000	29.600000	18.792731	6
39	1963503508	283335076	88.000000	-76.700000	11.300000	-88.000000	29.600000	18.982783	6
40	1963503508	1688326612	88.000000	-76.700000	11.300000	-88.000000	29.600000	18.811382	6
41	1963503508	1934296878	88.000000	-76.700000	11.300000	-88.000000	29.600000	18.791411	6
42	1963503508	181714149	88.000000	-76.700000	11.300000	-88.000000	29.600000	19.292755	6
43	1963503508	911870912	88.000000	-76.700000	11.300000	-88.000000	29.600000	20.591654	6
44	1963503508	98977907	88.000000	-76.700000	11.300000	-88.000000	29.600000	19.308365	6
45	1963503508	998120540	88.000000	-76.700000	11.300000	-88.000000	29.600000	19.131630	6
46	1963503508	1738292771	88.000000	-76.700000	11.300000	-88.000000	29.600000	18.926368	6
47	1963503508	214122299	88.000000	-76.700000	11.300000	-88.000000	29.600000	19.796775	6
48	1963503508	930485697	88.000000	-76.700000	11.300000	-88.000000	29.600000	19.194875	6
49	1963503508	2066223413	88.000000	-76.700000	11.300000	-88.000000	29.600000	21.320455	6
0	93058589	1492722545	83.000000	-27.300000	55.700000	-83.000000	14.700000	18.401121	6
1	93058589	1139853496	83.000000	-27.300000	55.700000	-83.000000	14.700000	20.498802	6
2	93058589	1610588440	83.000000	-27.300000	55.700000	-83.000000	14.700000	18.389546	6
3	93058589	448086606	83.000000	-27.300000	55.700000	-83.000000	14.700000	18.009892	6
4	93058589	672416864	83.000000	-27.300000	55.700000	-83.000000	14.700000	18.806983	6
5	93058589	1040304544	83.000000	-27.300000	55.700000	-83.000000	14.700000	18.983622	6
6	93058589	1776906865	83.000000	-27.300000	55.700000	-83.000000	14.700000	19.348483	6
7	93058589	1929547041	83.000000	-27.300000	55.700000	-83.000000	14.700000	21.996710	6
8	93058589	965871309	83.000000	-27.300000	55.700000	-83.000000	14.700000	18.635030	6
9	93058589	422710575	83.000000	-27.300000	55.700000	-83.000000	14.700000	18.531618	6
10	93058589	2062567203	83.000000	-27.300000	55.700000	-83.000000	14.700000	18.794711	6
11	93058589	1461566750	83.000000	-27.300000	55.700000	-83.000000	14.700000	18.423719	6
12	93058589	1483101330	83.000000	-27.300000	55.700000	-83.000000	14.700000	18.976966	6
13	93058589	1592748780	83.000000	-27.300000	55.700000	-83.000000	14.700000	18.572821	6
14	93058589	620647310	83.000000	-27.300000	55.700000	-83.000000	14.700000	21.351432	6
15	93058589	1346189279	83.000000	-27.300000	55.700000	-83.000000	14.700000	18.106460	6
16	93058589	1042949937	83.000000	-27.300000	55.700000	-83.000000	14.700000	18.485699	6
17	93058589	1991543466	83.000000	-27.300000	55.700000	-83.000000	14.700000	18.934205	6
18	93058589	220083897	83.000000	-27.300000	55.700000	-83.000000	14.700000	18.638759	6
19	93058589	1775306693	83.000000	-27.300000	55.700000	-83.000000	14.700000	19.804545	6
20	93058589	172513481	83.000000	-27.300000	55.700000	-83.000000	14.700000	17.959059	6
21	93058589	1066874690	83.000000	-27.300000	55.700000	-83.000000	14.700000	19.613849	6
22	93058589	773562299	83.000000	-27.300000	55.700000	-83.000000	14.700000	17.627351	6
23	93058589	1138434927	83.000000	-27.300000	55.700000	-83.000000	14.700000	17.175240	6
24	93058589	1929076001	83.000000	-27.300000	55.700000	-83.000000	14.700000	16.381802	6
25	93058589	160815730	83.000000	-27.300000	55.700000	-83.000000	14.700000	16.866392	6
26	93058589	1478187908	83.000000	-27.300000	55.700000	-83.000000	14.700000	16.738965	6
27	93058589	1355897864	83.000000	-27.300000	55.700000	-83.000000	14.700000	18.019609	6
28	93058589	844161887	83.000000	-27.300000	55.700000	-83.000000	14.700000	16.430473	6
29	93058589	1751195342	83.000000	-27.300000	55.700000	-83.000000	14.700000	16.582260	6
30	93058589	1034930591	83.000000	-27.300000	55.700000	-83.000000	14.700000	19.411407	6
31	93058589	2006316258	83.000000	-27.300000	55.700000	-83.000000	14.700000	21.062884	6
32	93058589	1661492899	83.000000	-27.300000	55.700000	-83.000000	14.700000	20.185047	6
33	93058589	1946074231	83.000000	-27.300000	55.700000	-83.000000	14.700000	21.154181	6
34	93058589	177125778	83.000000	-27.300000	55.700000	-83.000000	14.700000	27.219217	6
35	93058589	1991500700	83.000000	-27.300000	55.700000	-83.000000	14.700000	18.527601	6
36	93058589	1187084329	83.000000	-27.300000	55.700000	-83.000000	14.700000	18.716842	6
37	93058589	1514302341	83.000000	-27.300000	55.700000	-83.000000	14.700000	18.338698	6
38	93058589	2142089195	83.000000	-27.300000	55.700000	-83.000000	14.700000	18.539810	6
39	93058589	2125182306	83.000000	-27.300000	55.700000	-83.000000	14.700000	18.408265	6
40	93058589	1217357693	83.000000	-27.300000	55.700000	-83.000000	14.700000	18.320367	6
41	93058589	649723781	83.000000	-27.300000	55.700000	-83.000000	14.700000	19.555472	6
42	93058589	1680446433	83.000000	-27.300000	55.700000	-83.000000	14.700000	18.307984	6
43	93058589	96346364	83.000000	-27.300000	55.700000	-83.000000	14.700000	18.122057	6
44	93058589	2091267169	83.000000	-27.300000	55.700000	-83.000000	14.700000	18.987590	6
45	93058589	1565108901	83.000000	-27.300000	55.700000	-83.000000	14.700000	20.311388	6
46	93058589	1107215492	83.000000	-27.300000	55.700000	-83.000000	14.700000	18.649863	6
47	93058589	1480669926	83.000000	-27.300000	55.700000	-83.000000	14.700000	20.473272	6
48	93058589	1601626270	83.000000	-27.300000	55.700000	-83.000000	14.700000	18.192668	6
49	93058589	1851091192	83.000000	-27.300000	55.700000	-83.000000	14.700000	18.258966	6
0	610304499	1621944510	81.000000	-65.800000	15.200000	-81.000000	31.000000	19.160537	6
1	610304499	1609494516	81.000000	-65.800000	15.200000	-81.000000	31.000000	18.940887	6
2	610304499	1238862110	81.000000	-65.800000	15.200000	-81.000000	31.000000	19.651176	6
3	610304499	2027583485	81.000000	-65.800000	15.200000	-81.000000	31.000000	22.489745	6
4	610304499	403060944	81.000000	-65.800000	15.200000	-81.000000	31.000000	19.629007	6
5	610304499	2068896393	81.000000	-65.800000	15.200000	-81.000000	31.000000	19.114617	6
6	610304499	521035321	81.000000	-65.800000	15.200000	-81.000000	31.000000	19.502455	6
7	610304499	1409775133	81.000000	-65.800000	15.200000	-81.000000	31.000000	18.946483	6
8	610304499	1343708943	81.000000	-65.800000	15.200000	-81.000000	31.000000	18.775571	6
9	610304499	630038056	81.000000	-65.800000	15.200000	-81.000000	31.000000	21.034547	6
10	610304499	434190876	81.000000	-65.800000	15.200000	-81.000000	31.000000	19.211802	6
11	610304499	2130514471	81.000000	-65.800000	15.200000	-81.000000	31.000000	19.179695	6
12	610304499	1501776004	81.000000	-65.800000	15.200000	-81.000000	31.000000	19.157201	6
13	610304499	1099521318	81.000000	-65.800000	15.200000	-81.000000	31.000000	19.559033	6
14	610304499	1438192291	81.000000	-65.800000	15.200000	-81.000000	31.000000	19.543801	6
15	610304499	1661933857	81.000000	-65.800000	15.200000	-81.000000	31.000000	19.850682	6
16	610304499	973586590	81.000000	-65.800000	15.200000	-81.000000	31.000000	21.072480	6
17	610304499	1385803847	81.000000	-65.800000	15.200000	-81.000000	31.000000	20.365685	6
18	610304499	1021661750	81.000000	-65.800000	15.200000	-81.000000	31.000000	19.351783	6
19	610304499	241554822	81.000000	-65.800000	15.200000	-81.000000	31.000000	19.381852	6
20	610304499	1295214408	81.000000	-65.800000	15.200000	-81.000000	31.000000	17.995339	6
21	610304499	986746702	81.000000	-65.800000	15.200000	-81.000000	31.000000	17.703322	6
22	610304499	2054292209	81.000000	-65.800000	15.200000	-81.000000	31.000000	20.879915	6
23	610304499	2055621878	81.000000	-65.800000	15.200000	-81.000000	31.000000	18.085706	6
24	610304499	2091602402	81.000000	-65.800000	15.200000	-81.000000	31.000000	18.092438	6
25	610304499	1069753028	81.000000	-65.800000	15.200000	-81.000000	31.000000	18.129413	6
26	610304499	736109133	81.000000	-65.800000	15.200000	-81.000000	31.000000	17.680550	6
27	610304499	1546446136	81.000000	-65.800000	15.200000	-81.000000	31.000000	18.124345	6
28	610304499	55398690	81.000000	-65.800000	15.200000	-81.000000	31.000000	19.627587	6
29	610304499	576814376	81.000000	-65.800000	15.200000	-81.000000	31.000000	30.461001	6
30	610304499	232594520	81.000000	-65.800000	15.200000	-81.000000	31.000000	19.367937	6
31	610304499	1566536085	81.000000	-65.800000	15.200000	-81.000000	31.000000	19.398489	6
32	610304499	1796989081	81.000000	-65.800000	15.200000	-81.000000	31.000000	19.512432	6
33	610304499	873741341	81.000000	-65.800000	15.200000	-81.000000	31.000000	18.860058	6
34	610304499	1169583687	81.000000	-65.800000	15.200000	-81.000000	31.000000	19.054566	6
35	610304499	2050729960	81.000000	-65.800000	15.200000	-81.000000	31.000000	20.606668	6
36	610304499	645971581	81.000000	-65.800000	15.200000	-81.000000	31.000000	19.017016	6
37	610304499	83169552	81.000000	-65.800000	15.200000	-81.000000	31.000000	18.952087	6
38	610304499	65434329	81.000000	-65.800000	15.200000	-81.000000	31.000000	18.969758	6
39	610304499	1688665713	81.000000	-65.800000	15.200000	-81.000000	31.000000	18.857143	6
40	610304499	1242770020	81.000000	-65.800000	15.200000	-81.000000	31.000000	19.975421	6
41	610304499	211235750	81.000000	-65.800000	15.200000	-81.000000	31.000000	22.484609	6
42	610304499	179786865	81.000000	-65.800000	15.200000	-81.000000	31.000000	18.629373	6
43	610304499	1386541130	81.000000	-65.800000	15.200000	-81.000000	31.000000	18.932973	6
44	610304499	78564543	81.000000	-65.800000	15.200000	-81.000000	31.000000	18.692408	6
45	610304499	141867602	81.000000	-65.800000	15.200000	-81.000000	31.000000	18.869123	6
46	610304499	647571755	81.000000	-65.800000	15.200000	-81.000000	31.000000	19.144140	6
47	610304499	1857596212	81.000000	-65.800000	15.200000	-81.000000	31.000000	19.181169	6
48	610304499	4736458	81.000000	-65.800000	15.200000	-81.000000	31.000000	21.202615	6
49	610304499	951442230	81.000000	-65.800000	15.200000	-81.000000	31.000000	18.753066	6
0	911206825	1659218668	86.000000	-50.300000	35.700000	-86.000000	24.400000	23.405890	6
1	911206825	1509869447	86.000000	-50.300000	35.700000	-86.000000	24.400000	19.882238	6
2	911206825	797499836	86.000000	-50.300000	35.700000	-86.000000	24.400000	20.502174	6
3	911206825	1534026745	86.000000	-50.300000	35.700000	-86.000000	24.400000	20.059126	6
4	911206825	209829918	86.000000	-50.300000	35.700000	-86.000000	24.400000	19.747561	6
5	911206825	363769353	86.000000	-50.300000	35.700000	-86.000000	24.400000	19.949670	6
6	911206825	511889387	86.000000	-50.300000	35.700000	-86.000000	24.400000	21.724494	6
7	911206825	1109299571	86.000000	-50.300000	35.700000	-86.000000	24.400000	20.114598	6
8	911206825	618924354	86.000000	-50.300000	35.700000	-86.000000	24.400000	19.961370	6
9	911206825	278824523	86.000000	-50.300000	35.700000	-86.000000	24.400000	20.187708	6
10	911206825	2142336701	86.000000	-50.300000	35.700000	-86.000000	24.400000	21.409033	6
11	911206825	2143479504	86.000000	-50.300000	35.700000	-86.000000	24.400000	21.519096	6
12	911206825	1199085189	86.000000	-50.300000	35.700000	-86.000000	24.400000	20.312174	6
13	911206825	1268480333	86.000000	-50.300000	35.700000	-86.000000	24.400000	21.280501	6
14	911206825	2044760531	86.000000	-50.300000	35.700000	-86.000000	24.400000	18.976852	6
15	911206825	1812191914	86.000000	-50.300000	35.700000	-86.000000	24.400000	18.817881	6
16	911206825	1686176379	86.000000	-50.300000	35.700000	-86.000000	24.400000	18.058040	6
17	911206825	1748569753	86.000000	-50.300000	35.700000	-86.000000	24.400000	17.834244	6
18	911206825	2024579711	86.000000	-50.300000	35.700000	-86.000000	24.400000	18.685110	6
19	911206825	1503274334	86.000000	-50.300000	35.700000	-86.000000	24.400000	21.433863	6
20	911206825	580968604	86.000000	-50.300000	35.700000	-86.000000	24.400000	21.484277	6
21	911206825	531528619	86.000000	-50.300000	35.700000	-86.000000	24.400000	19.793790	6
22	911206825	1247866852	86.000000	-50.300000	35.700000	-86.000000	24.400000	19.851063	6
23	911206825	2053817228	86.000000	-50.300000	35.700000	-86.000000	24.400000	21.278149	6
24	911206825	873632246	86.000000	-50.300000	35.700000	-86.000000	24.400000	20.624564	6
25	911206825	1037474749	86.000000	-50.300000	35.700000	-86.000000	24.400000	22.258153	6
26	911206825	1251766346	86.000000	-50.300000	35.700000	-86.000000	24.400000	19.422171	6
27	911206825	1179066951	86.000000	-50.300000	35.700000	-86.000000	24.400000	19.384770	6
28	911206825	891912894	86.000000	-50.300000	35.700000	-86.000000	24.400000	19.586830	6
29	911206825	1929350616	86.000000	-50.300000	35.700000	-86.000000	24.400000	19.231704	6
30	911206825	1152555723	86.000000	-50.300000	35.700000	-86.000000	24.400000	20.253819	6
31	911206825	349139356	86.000000	-50.300000	35.700000	-86.000000	24.400000	22.728224	6
32	911206825	1499909908	86.000000	-50.300000	35.700000	-86.000000	24.400000	20.048318	6
33	911206825	399965544	86.000000	-50.300000	35.700000	-86.000000	24.400000	20.138215	6
34	911206825	1113399351	86.000000	-50.300000	35.700000	-86.000000	24.400000	21.069016	6
35	911206825	1301553019	86.000000	-50.300000	35.700000	-86.000000	24.400000	20.709732	6
36	911206825	805654769	86.000000	-50.300000	35.700000	-86.000000	24.400000	19.826578	6
37	911206825	996151545	86.000000	-50.300000	35.700000	-86.000000	24.400000	21.470062	6
38	911206825	418614399	86.000000	-50.300000	35.700000	-86.000000	24.400000	19.311751	6
39	911206825	2016640027	86.000000	-50.300000	35.700000	-86.000000	24.400000	20.353264	6
40	911206825	545395895	86.000000	-50.300000	35.700000	-86.000000	24.400000	19.839518	6
41	911206825	58720436	86.000000	-50.300000	35.700000	-86.000000	24.400000	19.646472	6
42	911206825	956158012	86.000000	-50.300000	35.700000	-86.000000	24.400000	20.870288	6
43	911206825	282100829	86.000000	-50.300000	35.700000	-86.000000	24.400000	21.642869	6
44	911206825	1799763651	86.000000	-50.300000	35.700000	-86.000000	24.400000	19.381294	6
45	911206825	223237874	86.000000	-50.300000	35.700000	-86.000000	24.400000	19.519536	6
46	911206825	160870687	86.000000	-50.300000	35.700000	-86.000000	24.400000	19.838842	6
47	911206825	1407178129	86.000000	-50.300000	35.700000	-86.000000	24.400000	19.995245	6
48	911206825	2050435333	86.000000	-50.300000	35.700000	-86.000000	24.400000	20.064082	6
49	911206825	318101144	86.000000	-50.300000	35.700000	-86.000000	24.400000	20.189508	6
0	101673257	950541583	49.000000	-44.500000	4.500000	-49.000000	33.900000	21.197580	6
1	101673257	132665346	49.000000	-44.500000	4.500000	-49.000000	33.900000	17.864125	6
2	101673257	1659229049	49.000000	-44.500000	4.500000	-49.000000	33.900000	18.394017	6
3	101673257	525775353	49.000000	-44.500000	4.500000	-49.000000	33.900000	17.633025	6
4	101673257	2137612013	49.000000	-44.500000	4.500000	-49.000000	33.900000	17.584085	6
5	101673257	605655844	49.000000	-44.500000	4.500000	-49.000000	33.900000	17.380066	6
6	101673257	1914787122	49.000000	-44.500000	4.500000	-49.000000	33.900000	16.954289	6
7	101673257	489041334	49.000000	-44.500000	4.500000	-49.000000	33.900000	17.717961	6
8	101673257	1664035477	49.000000	-44.500000	4.500000	-49.000000	33.900000	16.067131	6
9	101673257	797109785	49.000000	-44.500000	4.500000	-49.000000	33.900000	18.804535	6
10	101673257	1855551231	49.000000	-44.500000	4.500000	-49.000000	33.900000	16.190357	6
11	101673257	818790398	49.000000	-44.500000	4.500000	-49.000000	33.900000	17.834392	6
12	101673257	1310339095	49.000000	-44.500000	4.500000	-49.000000	33.900000	17.145983	6
13	101673257	1658634508	49.000000	-44.500000	4.500000	-49.000000	33.900000	16.356710	6
14	101673257	1120773258	49.000000	-44.500000	4.500000	-49.000000	33.900000	18.995709	6
15	101673257	1712601002	49.000000	-44.500000	4.500000	-49.000000	33.900000	17.113929	6
16	101673257	533308051	49.000000	-44.500000	4.500000	-49.000000	33.900000	20.552039	6
17	101673257	950026843	49.000000	-44.500000	4.500000	-49.000000	33.900000	18.965002	6
18	101673257	1601229121	49.000000	-44.500000	4.500000	-49.000000	33.900000	18.667979	6
19	101673257	854482804	49.000000	-44.500000	4.500000	-49.000000	33.900000	18.252246	6
20	101673257	843901789	49.000000	-44.500000	4.500000	-49.000000	33.900000	18.374764	6
21	101673257	489325325	49.000000	-44.500000	4.500000	-49.000000	33.900000	19.710132	6
22	101673257	1341857612	49.000000	-44.500000	4.500000	-49.000000	33.900000	18.880251	6
23	101673257	1338316524	49.000000	-44.500000	4.500000	-49.000000	33.900000	19.299256	6
24	101673257	1138787604	49.000000	-44.500000	4.500000	-49.000000	33.900000	17.789030	6
25	101673257	1707269493	49.000000	-44.500000	4.500000	-49.000000	33.900000	17.810767	6
26	101673257	1150365323	49.000000	-44.500000	4.500000	-49.000000	33.900000	17.741140	6
27	101673257	141382519	49.000000	-44.500000	4.500000	-49.000000	33.900000	17.775565	6
28	101673257	1421016885	49.000000	-44.500000	4.500000	-49.000000	33.900000	19.200861	6
29	101673257	814336192	49.000000	-44.500000	4.500000	-49.000000	33.900000	18.302882	6
30	101673257	927863951	49.000000	-44.500000	4.500000	-49.000000	33.900000	18.017042	6
31	101673257	589761060	49.000000	-44.500000	4.500000	-49.000000	33.900000	17.840234	6
32	101673257	1385113851	49.000000	-44.500000	4.500000	-49.000000	33.900000	17.888267	6
33	101673257	720705484	49.000000	-44.500000	4.500000	-49.000000	33.900000	18.259247	6
34	101673257	664599389	49.000000	-44.500000	4.500000	-49.000000	33.900000	17.816149	6
35	101673257	1889009813	49.000000	-44.500000	4.500000	-49.000000	33.900000	20.254633	6
36	101673257	1793615045	49.000000	-44.500000	4.500000	-49.000000	33.900000	18.295015	6
37	101673257	1813945712	49.000000	-44.500000	4.500000	-49.000000	33.900000	19.275288	6
38	101673257	787441760	49.000000	-44.500000	4.500000	-49.000000	33.900000	17.773309	6
39	101673257	559384076	49.000000	-44.500000	4.500000	-49.000000	33.900000	17.501903	6
40	101673257	241574815	49.000000	-44.500000	4.500000	-49.000000	33.900000	17.789453	6
41	101673257	332020144	49.000000	-44.500000	4.500000	-49.000000	33.900000	18.058580	6
42	101673257	1857891546	49.000000	-44.500000	4.500000	-49.000000	33.900000	20.514568	6
43	101673257	457184505	49.000000	-44.500000	4.500000	-49.000000	33.900000	17.869905	6
44	101673257	397117386	49.000000	-44.500000	4.500000	-49.000000	33.900000	17.884194	6
45	101673257	917000113	49.000000	-44.500000	4.500000	-49.000000	33.900000	17.977707	6
46	101673257	140180350	49.000000	-44.500000	4.500000	-49.000000	33.900000	18.345889	6
47	101673257	979098706	49.000000	-44.500000	4.500000	-49.000000	33.900000	18.127983	6
48	101673257	565719315	49.000000	-44.500000	4.500000	-49.000000	33.900000	18.039043	6
49	101673257	1274651290	49.000000	-44.500000	4.500000	-49.000000	33.900000	19.935236	6
0	1321207685	1733703053	70.000000	-39.600000	30.400000	-70.000000	26.700000	19.790944	6
1	1321207685	584114979	70.000000	-39.600000	30.400000	-70.000000	26.700000	19.419543	6
2	1321207685	2079665571	70.000000	-39.600000	30.400000	-70.000000	26.700000	20.739802	6
3	1321207685	2112484774	70.000000	-39.600000	30.400000	-70.000000	26.700000	18.598196	6
4	1321207685	1260845624	70.000000	-39.600000	30.400000	-70.000000	26.700000	18.612879	6
5	1321207685	415500390	70.000000	-39.600000	30.400000	-70.000000	26.700000	19.101687	6
6	1321207685	195843881	70.000000	-39.600000	30.400000	-70.000000	26.700000	19.366558	6
7	1321207685	1090375381	70.000000	-39.600000	30.400000	-70.000000	26.700000	19.276300	6
8	1321207685	791400042	70.000000	-39.600000	30.400000	-70.000000	26.700000	21.184871	6
9	1321207685	1813441659	70.000000	-39.600000	30.400000	-70.000000	26.700000	19.983332	6
10	1321207685	820639687	70.000000	-39.600000	30.400000	-70.000000	26.700000	19.773660	6
11	1321207685	1901001079	70.000000	-39.600000	30.400000	-70.000000	26.700000	19.423538	6
12	1321207685	1546802305	70.000000	-39.600000	30.400000	-70.000000	26.700000	19.451476	6
13	1321207685	1559480900	70.000000	-39.600000	30.400000	-70.000000	26.700000	19.330650	6
14	1321207685	1442626954	70.000000	-39.600000	30.400000	-70.000000	26.700000	21.896352	6
15	1321207685	290227088	70.000000	-39.600000	30.400000	-70.000000	26.700000	18.936879	6
16	1321207685	1474363356	70.000000	-39.600000	30.400000	-70.000000	26.700000	19.217950	6
17	1321207685	1247651033	70.000000	-39.600000	30.400000	-70.000000	26.700000	19.252272	6
18	1321207685	1806294856	70.000000	-39.600000	30.400000	-70.000000	26.700000	19.223308	6
19	1321207685	2031801244	70.000000	-39.600000	30.400000	-70.000000	26.700000	19.620439	6
20	1321207685	141712798	70.000000	-39.600000	30.400000	-70.000000	26.700000	19.706857	6
21	1321207685	584962427	70.000000	-39.600000	30.400000	-70.000000	26.700000	24.540315	6
22	1321207685	533445001	70.000000	-39.600000	30.400000	-70.000000	26.700000	19.314911	6
23	1321207685	1741072123	70.000000	-39.600000	30.400000	-70.000000	26.700000	18.222488	6
24	1321207685	2023245536	70.000000	-39.600000	30.400000	-70.000000	26.700000	18.332675	6
25	1321207685	346008639	70.000000	-39.600000	30.400000	-70.000000	26.700000	18.115304	6
26	1321207685	1705956391	70.000000	-39.600000	30.400000	-70.000000	26.700000	19.152782	6
27	1321207685	195082889	70.000000	-39.600000	30.400000	-70.000000	26.700000	20.146599	6
28	1321207685	295434775	70.000000	-39.600000	30.400000	-70.000000	26.700000	17.452515	6
29	1321207685	496464387	70.000000	-39.600000	30.400000	-70.000000	26.700000	17.149327	6
30	1321207685	1385320368	70.000000	-39.600000	30.400000	-70.000000	26.700000	17.070758	6
31	1321207685	1865357587	70.000000	-39.600000	30.400000	-70.000000	26.700000	20.064199	6
32	1321207685	1869617902	70.000000	-39.600000	30.400000	-70.000000	26.700000	22.483651	6
33	1321207685	854672626	70.000000	-39.600000	30.400000	-70.000000	26.700000	21.164193	6
34	1321207685	1481685520	70.000000	-39.600000	30.400000	-70.000000	26.700000	21.035640	6
35	1321207685	415306256	70.000000	-39.600000	30.400000	-70.000000	26.700000	20.510235	6
36	1321207685	1409916177	70.000000	-39.600000	30.400000	-70.000000	26.700000	19.170586	6
37	1321207685	27612835	70.000000	-39.600000	30.400000	-70.000000	26.700000	18.963562	6
38	1321207685	1138117754	70.000000	-39.600000	30.400000	-70.000000	26.700000	19.379479	6
39	1321207685	2136136281	70.000000	-39.600000	30.400000	-70.000000	26.700000	19.368022	6
40	1321207685	888443968	70.000000	-39.600000	30.400000	-70.000000	26.700000	22.529304	6
41	1321207685	1219378263	70.000000	-39.600000	30.400000	-70.000000	26.700000	18.676092	6
42	1321207685	346656796	70.000000	-39.600000	30.400000	-70.000000	26.700000	18.509143	6
43	1321207685	1074647562	70.000000	-39.600000	30.400000	-70.000000	26.700000	18.997780	6
44	1321207685	1740238549	70.000000	-39.600000	30.400000	-70.000000	26.700000	19.026726	6
45	1321207685	2147379434	70.000000	-39.600000	30.400000	-70.000000	26.700000	19.465400	6
46	1321207685	1181445059	70.000000	-39.600000	30.400000	-70.000000	26.700000	22.086577	6
47	1321207685	1012036703	70.000000	-39.600000	30.400000	-70.000000	26.700000	19.111650	6
48	1321207685	256578885	70.000000	-39.600000	30.400000	-70.000000	26.700000	19.019906	6
49	1321207685	1710346725	70.000000	-39.600000	30.400000	-70.000000	26.700000	18.880759	6
0	513213822	680074566	96.000000	-49.900000	46.100000	-96.000000	22.200000	19.495415	6
1	513213822	1286826337	96.000000	-49.900000	46.100000	-96.000000	22.200000	19.257504	6
2	513213822	501795130	96.000000	-49.900000	46.100000	-96.000000	22.200000	22.744074	6
3	513213822	1505417330	96.000000	-49.900000	46.100000	-96.000000	22.200000	20.655294	6
4	513213822	2102722294	96.000000	-49.900000	46.100000	-96.000000	22.200000	21.705606	6
5	513213822	1142323958	96.000000	-49.900000	46.100000	-96.000000	22.200000	19.441555	6
6	513213822	651361359	96.000000	-49.900000	46.100000	-96.000000	22.200000	19.986009	6
7	513213822	678408338	96.000000	-49.900000	46.100000	-96.000000	22.200000	19.977081	6
8	513213822	1725151682	96.000000	-49.900000	46.100000	-96.000000	22.200000	20.513115	6
9	513213822	44219686	96.000000	-49.900000	46.100000	-96.000000	22.200000	19.461034	6
10	513213822	1353839355	96.000000	-49.900000	46.100000	-96.000000	22.200000	20.845711	6
11	513213822	394892712	96.000000	-49.900000	46.100000	-96.000000	22.200000	20.254773	6
12	513213822	1419219951	96.000000	-49.900000	46.100000	-96.000000	22.200000	19.735148	6
13	513213822	35467458	96.000000	-49.900000	46.100000	-96.000000	22.200000	19.604742	6
14	513213822	1360541201	96.000000	-49.900000	46.100000	-96.000000	22.200000	19.702897	6
15	513213822	208410829	96.000000	-49.900000	46.100000	-96.000000	22.200000	23.518184	6
16	513213822	1874785395	96.000000	-49.900000	46.100000	-96.000000	22.200000	23.515684	6
17	513213822	64394840	96.000000	-49.900000	46.100000	-96.000000	22.200000	20.465996	6
18	513213822	1697153826	96.000000	-49.900000	46.100000	-96.000000	22.200000	19.805155	6
19	513213822	1483501214	96.000000	-49.900000	46.100000	-96.000000	22.200000	19.814523	6
20	513213822	765924342	96.000000	-49.900000	46.100000	-96.000000	22.200000	21.402095	6
21	513213822	1858981783	96.000000	-49.900000	46.100000	-96.000000	22.200000	19.821554	6
22	513213822	1031548862	96.000000	-49.900000	46.100000	-96.000000	22.200000	21.072020	6
23	513213822	842048495	96.000000	-49.900000	46.100000	-96.000000	22.200000	18.718857	6
24	513213822	1208832787	96.000000	-49.900000	46.100000	-96.000000	22.200000	17.663345	6
25	513213822	449128540	96.000000	-49.900000	46.100000	-96.000000	22.200000	17.410594	6
26	513213822	381334416	96.000000	-49.900000	46.100000	-96.000000	22.200000	21.331132	6
27	513213822	1867004978	96.000000	-49.900000	46.100000	-96.000000	22.200000	18.373319	6
28	513213822	1254898263	96.000000	-49.900000	46.100000	-96.000000	22.200000	17.509059	6
29	513213822	213878869	96.000000	-49.900000	46.100000	-96.000000	22.200000	19.418758	6
30	513213822	1692359985	96.000000	-49.900000	46.100000	-96.000000	22.200000	17.920562	6
31	513213822	885208453	96.000000	-49.900000	46.100000	-96.000000	22.200000	17.570577	6
32	513213822	1610686621	96.000000	-49.900000	46.100000	-96.000000	22.200000	17.538291	6
33	513213822	1660587070	96.000000	-49.900000	46.100000	-96.000000	22.200000	28.994999	6
34	513213822	1506421776	96.000000	-49.900000	46.100000	-96.000000	22.200000	26.299615	6
35	513213822	153909064	96.000000	-49.900000	46.100000	-96.000000	22.200000	24.549526	6
36	513213822	1879538475	96.000000	-49.900000	46.100000	-96.000000	22.200000	24.490666	6
37	513213822	2082113090	96.000000	-49.900000	46.100000	-96.000000	22.200000	22.320867	6
38	513213822	643355864	96.000000	-49.900000	46.100000	-96.000000	22.200000	27.645504	6
39	513213822	971810208	96.000000	-49.900000	46.100000	-96.000000	22.200000	22.619952	6
40	513213822	190239825	96.000000	-49.900000	46.100000	-96.000000	22.200000	20.577171	6
41	513213822	1188915387	96.000000	-49.900000	46.100000	-96.000000	22.200000	25.219334	6
42	513213822	535096255	96.000000	-49.900000	46.100000	-96.000000	22.200000	20.765463	6
43	513213822	1639604318	96.000000	-49.900000	46.100000	-96.000000	22.200000	22.322307	6
44	513213822	1760586534	96.000000	-49.900000	46.100000	-96.000000	22.200000	24.897805	6
45	513213822	491361771	96.000000	-49.900000	46.100000	-96.000000	22.200000	28.338350	6
46	513213822	1923364854	96.000000	-49.900000	46.100000	-96.000000	22.200000	25.957287	6
47	513213822	224192306	96.000000	-49.900000	46.100000	-96.000000	22.200000	29.453097	6
48	513213822	212433480	96.000000	-49.900000	46.100000	-96.000000	22.200000	31.034665	6
49	513213822	401447547	96.000000	-49.900000	46.100000	-96.000000	22.200000	20.891085	6
0	1428660591	1757945944	80.000000	-77.100000	2.900000	-80.000000	34.400000	19.374087	6
1	1428660591	1510442457	80.000000	-77.100000	2.900000	-80.000000	34.400000	19.562995	6
2	1428660591	1609303275	80.000000	-77.100000	2.900000	-80.000000	34.400000	20.295769	6
3	1428660591	947828495	80.000000	-77.100000	2.900000	-80.000000	34.400000	21.055550	6
4	1428660591	775549168	80.000000	-77.100000	2.900000	-80.000000	34.400000	19.992013	6
5	1428660591	693241646	80.000000	-77.100000	2.900000	-80.000000	34.400000	22.601188	6
6	1428660591	892750623	80.000000	-77.100000	2.900000	-80.000000	34.400000	19.256129	6
7	1428660591	1396412736	80.000000	-77.100000	2.900000	-80.000000	34.400000	19.142217	6
8	1428660591	1546050887	80.000000	-77.100000	2.900000	-80.000000	34.400000	19.072772	6
9	1428660591	1006988334	80.000000	-77.100000	2.900000	-80.000000	34.400000	19.126266	6
10	1428660591	770538584	80.000000	-77.100000	2.900000	-80.000000	34.400000	20.007770	6
11	1428660591	58668972	80.000000	-77.100000	2.900000	-80.000000	34.400000	21.274782	6
12	1428660591	1191691733	80.000000	-77.100000	2.900000	-80.000000	34.400000	18.860171	6
13	1428660591	1284938419	80.000000	-77.100000	2.900000	-80.000000	34.400000	19.895762	6
14	1428660591	1229574460	80.000000	-77.100000	2.900000	-80.000000	34.400000	19.309241	6
15	1428660591	1770855557	80.000000	-77.100000	2.900000	-80.000000	34.400000	20.425170	6
16	1428660591	2016234417	80.000000	-77.100000	2.900000	-80.000000	34.400000	21.326084	6
17	1428660591	1430413951	80.000000	-77.100000	2.900000	-80.000000	34.400000	19.713451	6
18	1428660591	2053904701	80.000000	-77.100000	2.900000	-80.000000	34.400000	22.461389	6
19	1428660591	129006536	80.000000	-77.100000	2.900000	-80.000000	34.400000	19.042383	6
20	1428660591	1941255774	80.000000	-77.100000	2.900000	-80.000000	34.400000	18.942504	6
21	1428660591	1336444420	80.000000	-77.100000	2.900000	-80.000000	34.400000	19.055891	6
22	1428660591	87831306	80.000000	-77.100000	2.900000	-80.000000	34.400000	18.937721	6
23	1428660591	37262677	80.000000	-77.100000	2.900000	-80.000000	34.400000	18.852222	6
24	1428660591	156188895	80.000000	-77.100000	2.900000	-80.000000	34.400000	23.300301	6
25	1428660591	2106091458	80.000000	-77.100000	2.900000	-80.000000	34.400000	20.030447	6
26	1428660591	1789226788	80.000000	-77.100000	2.900000	-80.000000	34.400000	20.789926	6
27	1428660591	1476989093	80.000000	-77.100000	2.900000	-80.000000	34.400000	19.417917	6
28	1428660591	1666600678	80.000000	-77.100000	2.900000	-80.000000	34.400000	18.653419	6
29	1428660591	237790046	80.000000	-77.100000	2.900000	-80.000000	34.400000	18.340882	6
30	1428660591	721803263	80.000000	-77.100000	2.900000	-80.000000	34.400000	18.871530	6
31	1428660591	1931184349	80.000000	-77.100000	2.900000	-80.000000	34.400000	17.149872	6
32	1428660591	325257785	80.000000	-77.100000	2.900000	-80.000000	34.400000	17.591712	6
33	1428660591	2024852258	80.000000	-77.100000	2.900000	-80.000000	34.400000	17.270750	6
34	1428660591	1262838702	80.000000	-77.100000	2.900000	-80.000000	34.400000	18.649940	6
35	1428660591	518995535	80.000000	-77.100000	2.900000	-80.000000	34.400000	20.170930	6
36	1428660591	991749995	80.000000	-77.100000	2.900000	-80.000000	34.400000	19.682132	6
37	1428660591	1542689077	80.000000	-77.100000	2.900000	-80.000000	34.400000	21.121414	6
38	1428660591	1118440757	80.000000	-77.100000	2.900000	-80.000000	34.400000	19.568068	6
39	1428660591	1434710858	80.000000	-77.100000	2.900000	-80.000000	34.400000	20.630230	6
40	1428660591	598643799	80.000000	-77.100000	2.900000	-80.000000	34.400000	20.416227	6
41	1428660591	563713259	80.000000	-77.100000	2.900000	-80.000000	34.400000	19.449720	6
42	1428660591	1159583116	80.000000	-77.100000	2.900000	-80.000000	34.400000	19.549094	6
43	1428660591	1780281079	80.000000	-77.100000	2.900000	-80.000000	34.400000	21.420404	6
44	1428660591	501402551	80.000000	-77.100000	2.900000	-80.000000	34.400000	18.712210	6
45	1428660591	37133094	80.000000	-77.100000	2.900000	-80.000000	34.400000	19.017685	6
46	1428660591	1060875583	80.000000	-77.100000	2.900000	-80.000000	34.400000	19.077678	6
47	1428660591	1672030134	80.000000	-77.100000	2.900000	-80.000000	34.400000	18.891505	6
48	1428660591	1619956652	80.000000	-77.100000	2.900000	-80.000000	34.400000	18.898779	6
49	1428660591	1564798348	80.000000	-77.100000	2.900000	-80.000000	34.400000	18.430878	6
0	663775099	1893267059	38.000000	-33.000000	5.000000	-38.000000	29.500000	17.184917	6
1	663775099	195203589	38.000000	-33.000000	5.000000	-38.000000	29.500000	17.502534	6
2	663775099	1664093987	38.000000	-33.000000	5.000000	-38.000000	29.500000	19.977886	6
3	663775099	1580287233	38.000000	-33.000000	5.000000	-38.000000	29.500000	22.378586	6
4	663775099	1214796030	38.000000	-33.000000	5.000000	-38.000000	29.500000	17.925522	6
5	663775099	93146819	38.000000	-33.000000	5.000000	-38.000000	29.500000	16.892029	6
6	663775099	1471313722	38.000000	-33.000000	5.000000	-38.000000	29.500000	16.862063	6
7	663775099	498330947	38.000000	-33.000000	5.000000	-38.000000	29.500000	16.899251	6
8	663775099	1699327168	38.000000	-33.000000	5.000000	-38.000000	29.500000	16.455605	6
9	663775099	1799190452	38.000000	-33.000000	5.000000	-38.000000	29.500000	16.023760	6
10	663775099	22893458	38.000000	-33.000000	5.000000	-38.000000	29.500000	18.445389	6
11	663775099	516830103	38.000000	-33.000000	5.000000	-38.000000	29.500000	16.816909	6
12	663775099	57884290	38.000000	-33.000000	5.000000	-38.000000	29.500000	16.807493	6
13	663775099	1181249411	38.000000	-33.000000	5.000000	-38.000000	29.500000	19.966044	6
14	663775099	265480500	38.000000	-33.000000	5.000000	-38.000000	29.500000	18.588783	6
15	663775099	1649178990	38.000000	-33.000000	5.000000	-38.000000	29.500000	20.306261	6
16	663775099	1489556740	38.000000	-33.000000	5.000000	-38.000000	29.500000	18.327594	6
17	663775099	1929555297	38.000000	-33.000000	5.000000	-38.000000	29.500000	20.704402	6
18	663775099	320460843	38.000000	-33.000000	5.000000	-38.000000	29.500000	17.430999	6
19	663775099	561346088	38.000000	-33.000000	5.000000	-38.000000	29.500000	17.383567	6
20	663775099	1450231140	38.000000	-33.000000	5.000000	-38.000000	29.500000	17.341013	6
21	663775099	1950660854	38.000000	-33.000000	5.000000	-38.000000	29.500000	17.492440	6
22	663775099	76380940	38.000000	-33.000000	5.000000	-38.000000	29.500000	17.367774	6
23	663775099	341428032	38.000000	-33.000000	5.000000	-38.000000	29.500000	17.542301	6
24	663775099	321060278	38.000000	-33.000000	5.000000	-38.000000	29.500000	18.463308	6
25	663775099	1574604845	38.000000	-33.000000	5.000000	-38.000000	29.500000	17.417916	6
26	663775099	1027796551	38.000000	-33.000000	5.000000	-38.000000	29.500000	17.468669	6
27	663775099	730622651	38.000000	-33.000000	5.000000	-38.000000	29.500000	17.670895	6
28	663775099	613367915	38.000000	-33.000000	5.000000	-38.000000	29.500000	20.733990	6
29	663775099	891450515	38.000000	-33.000000	5.000000	-38.000000	29.500000	19.246929	6
30	663775099	1154465649	38.000000	-33.000000	5.000000	-38.000000	29.500000	17.772558	6
31	663775099	1517887166	38.000000	-33.000000	5.000000	-38.000000	29.500000	17.725541	6
32	663775099	1956087781	38.000000	-33.000000	5.000000	-38.000000	29.500000	19.701590	6
33	663775099	1711284287	38.000000	-33.000000	5.000000	-38.000000	29.500000	17.889227	6
34	663775099	1946108975	38.000000	-33.000000	5.000000	-38.000000	29.500000	17.757968	6
35	663775099	556641427	38.000000	-33.000000	5.000000	-38.000000	29.500000	17.788621	6
36	663775099	431722811	38.000000	-33.000000	5.000000	-38.000000	29.500000	18.023205	6
37	663775099	1919509401	38.000000	-33.000000	5.000000	-38.000000	29.500000	17.744169	6
38	663775099	1805883868	38.000000	-33.000000	5.000000	-38.000000	29.500000	17.708191	6
39	663775099	705370324	38.000000	-33.000000	5.000000	-38.000000	29.500000	19.480673	6
40	663775099	1756532619	38.000000	-33.000000	5.000000	-38.000000	29.500000	19.155459	6
41	663775099	1668360617	38.000000	-33.000000	5.000000	-38.000000	29.500000	17.842254	6
42	663775099	1481591936	38.000000	-33.000000	5.000000	-38.000000	29.500000	18.618664	6
43	663775099	158579971	38.000000	-33.000000	5.000000	-38.000000	29.500000	19.195487	6
44	663775099	1473251271	38.000000	-33.000000	5.000000	-38.000000	29.500000	17.737850	6
45	663775099	909502131	38.000000	-33.000000	5.000000	-38.000000	29.500000	17.755455	6
46	663775099	1751426646	38.000000	-33.000000	5.000000	-38.000000	29.500000	20.435812	6
47	663775099	2066434251	38.000000	-33.000000	5.000000	-38.000000	29.500000	18.158547	6
48	663775099	1668338458	38.000000	-33.000000	5.000000	-38.000000	29.500000	18.092717	6
49	663775099	112749575	38.000000	-33.000000	5.000000	-38.000000	29.500000	17.909768	6
0	585623259	579057648	97.000000	-77.500000	19.500000	-97.000000	28.400000	22.640518	6
1	585623259	1983654900	97.000000	-77.500000	19.500000	-97.000000	28.400000	18.944733	6
2	585623259	1890853976	97.000000	-77.500000	19.500000	-97.000000	28.400000	18.594424	6
3	585623259	291092490	97.000000	-77.500000	19.500000	-97.000000	28.400000	18.595609	6
4	585623259	1138059516	97.000000	-77.500000	19.500000	-97.000000	28.400000	18.686808	6
5	585623259	1675238259	97.000000	-77.500000	19.500000	-97.000000	28.400000	32.913041	6
6	585623259	1329632145	97.000000	-77.500000	19.500000	-97.000000	28.400000	21.368791	6
7	585623259	2100017440	97.000000	-77.500000	19.500000	-97.000000	28.400000	20.786088	6
8	585623259	336482421	97.000000	-77.500000	19.500000	-97.000000	28.400000	20.938010	6
9	585623259	1822408846	97.000000	-77.500000	19.500000	-97.000000	28.400000	22.852063	6
10	585623259	651534513	97.000000	-77.500000	19.500000	-97.000000	28.400000	22.341440	6
11	585623259	898170444	97.000000	-77.500000	19.500000	-97.000000	28.400000	24.073132	6
12	585623259	1077200809	97.000000	-77.500000	19.500000	-97.000000	28.400000	20.658668	6
13	585623259	1919085268	97.000000	-77.500000	19.500000	-97.000000	28.400000	20.709889	6
14	585623259	1714300626	97.000000	-77.500000	19.500000	-97.000000	28.400000	21.192045	6
15	585623259	1245856419	97.000000	-77.500000	19.500000	-97.000000	28.400000	20.544900	6
16	585623259	1896112897	97.000000	-77.500000	19.500000	-97.000000	28.400000	20.543886	6
17	585623259	39522543	97.000000	-77.500000	19.500000	-97.000000	28.400000	23.232909	6
18	585623259	1734135613	97.000000	-77.500000	19.500000	-97.000000	28.400000	20.575560	6
19	585623259	1979495888	97.000000	-77.500000	19.500000	-97.000000	28.400000	20.654329	6
20	585623259	950317721	97.000000	-77.500000	19.500000	-97.000000	28.400000	20.760953	6
21	585623259	1889735867	97.000000	-77.500000	19.500000	-97.000000	28.400000	21.963686	6
22	585623259	27633528	97.000000	-77.500000	19.500000	-97.000000	28.400000	20.506629	6
23	585623259	1749332511	97.000000	-77.500000	19.500000	-97.000000	28.400000	30.500818	6
24	585623259	1736371177	97.000000	-77.500000	19.500000	-97.000000	28.400000	32.063631	6
25	585623259	1954032991	97.000000	-77.500000	19.500000	-97.000000	28.400000	23.545672	6
26	585623259	1283268002	97.000000	-77.500000	19.500000	-97.000000	28.400000	22.341497	6
27	585623259	772283661	97.000000	-77.500000	19.500000	-97.000000	28.400000	22.004391	6
28	585623259	1713863534	97.000000	-77.500000	19.500000	-97.000000	28.400000	24.269463	6
29	585623259	548600773	97.000000	-77.500000	19.500000	-97.000000	28.400000	22.395387	6
30	585623259	2079417976	97.000000	-77.500000	19.500000	-97.000000	28.400000	22.233291	6
31	585623259	784690489	97.000000	-77.500000	19.500000	-97.000000	28.400000	20.949542	6
32	585623259	468745507	97.000000	-77.500000	19.500000	-97.000000	28.400000	20.781230	6
33	585623259	647480540	97.000000	-77.500000	19.500000	-97.000000	28.400000	24.676162	6
34	585623259	576932284	97.000000	-77.500000	19.500000	-97.000000	28.400000	24.782498	6
35	585623259	1365007026	97.000000	-77.500000	19.500000	-97.000000	28.400000	21.551520	6
36	585623259	1733959203	97.000000	-77.500000	19.500000	-97.000000	28.400000	21.229649	6
37	585623259	398120271	97.000000	-77.500000	19.500000	-97.000000	28.400000	20.849012	6
38	585623259	1527994425	97.000000	-77.500000	19.500000	-97.000000	28.400000	21.407410	6
39	585623259	1812805048	97.000000	-77.500000	19.500000	-97.000000	28.400000	20.814927	6
40	585623259	1060496921	97.000000	-77.500000	19.500000	-97.000000	28.400000	23.480171	6
41	585623259	1448479942	97.000000	-77.500000	19.500000	-97.000000	28.400000	21.412924	6
42	585623259	1822984302	97.000000	-77.500000	19.500000	-97.000000	28.400000	21.929794	6
43	585623259	668198419	97.000000	-77.500000	19.500000	-97.000000	28.400000	20.032910	6
44	585623259	955377644	97.000000	-77.500000	19.500000	-97.000000	28.400000	20.129141	6
45	585623259	302813459	97.000000	-77.500000	19.500000	-97.000000	28.400000	20.524869	6
46	585623259	1383414879	97.000000	-77.500000	19.500000	-97.000000	28.400000	21.999710	6
47	585623259	2011927147	97.000000	-77.500000	19.500000	-97.000000	28.400000	19.600006	6
48	585623259	1780538338	97.000000	-77.500000	19.500000	-97.000000	28.400000	19.380964	6
49	585623259	297380168	97.000000	-77.500000	19.500000	-97.000000	28.400000	19.195931	6
0	880267106	1815372485	87.000000	-84.000000	3.000000	-87.000000	36.000000	21.348254	6
1	880267106	828310891	87.000000	-84.000000	3.000000	-87.000000	36.000000	22.751046	6
2	880267106	763339789	87.000000	-84.000000	3.000000	-87.000000	36.000000	20.831850	6
3	880267106	609888925	87.000000	-84.000000	3.000000	-87.000000	36.000000	22.028814	6
4	880267106	1068632548	87.000000	-84.000000	3.000000	-87.000000	36.000000	20.673373	6
5	880267106	794132602	87.000000	-84.000000	3.000000	-87.000000	36.000000	20.862492	6
6	880267106	1786824921	87.000000	-84.000000	3.000000	-87.000000	36.000000	21.770156	6
7	880267106	1588602174	87.000000	-84.000000	3.000000	-87.000000	36.000000	22.331304	6
8	880267106	478187792	87.000000	-84.000000	3.000000	-87.000000	36.000000	20.869452	6
9	880267106	1132639436	87.000000	-84.000000	3.000000	-87.000000	36.000000	24.358432	6
10	880267106	2078600864	87.000000	-84.000000	3.000000	-87.000000	36.000000	21.352851	6
11	880267106	329552793	87.000000	-84.000000	3.000000	-87.000000	36.000000	20.846087	6
12	880267106	726453205	87.000000	-84.000000	3.000000	-87.000000	36.000000	22.222621	6
13	880267106	1650055335	87.000000	-84.000000	3.000000	-87.000000	36.000000	22.488339	6
14	880267106	1577679712	87.000000	-84.000000	3.000000	-87.000000	36.000000	20.936121	6
15	880267106	934172162	87.000000	-84.000000	3.000000	-87.000000	36.000000	22.033126	6
16	880267106	1618631395	87.000000	-84.000000	3.000000	-87.000000	36.000000	20.912302	6
17	880267106	1309660172	87.000000	-84.000000	3.000000	-87.000000	36.000000	21.090106	6
18	880267106	1684910324	87.000000	-84.000000	3.000000	-87.000000	36.000000	20.119227	6
19	880267106	1719746136	87.000000	-84.000000	3.000000	-87.000000	36.000000	24.386074	6
20	880267106	1738019989	87.000000	-84.000000	3.000000	-87.000000	36.000000	18.920110	6
21	880267106	1835145581	87.000000	-84.000000	3.000000	-87.000000	36.000000	18.934383	6
22	880267106	230574212	87.000000	-84.000000	3.000000	-87.000000	36.000000	18.829596	6
23	880267106	132201547	87.000000	-84.000000	3.000000	-87.000000	36.000000	18.537133	6
24	880267106	1975652896	87.000000	-84.000000	3.000000	-87.000000	36.000000	18.226347	6
25	880267106	577202073	87.000000	-84.000000	3.000000	-87.000000	36.000000	19.604759	6
26	880267106	1057044073	87.000000	-84.000000	3.000000	-87.000000	36.000000	20.691688	6
27	880267106	37090279	87.000000	-84.000000	3.000000	-87.000000	36.000000	20.465010	6
28	880267106	1140746499	87.000000	-84.000000	3.000000	-87.000000	36.000000	20.627516	6
29	880267106	1371501238	87.000000	-84.000000	3.000000	-87.000000	36.000000	20.148377	6
30	880267106	180262025	87.000000	-84.000000	3.000000	-87.000000	36.000000	20.156274	6
31	880267106	998488542	87.000000	-84.000000	3.000000	-87.000000	36.000000	21.397142	6
32	880267106	658606252	87.000000	-84.000000	3.000000	-87.000000	36.000000	21.307686	6
33	880267106	538342804	87.000000	-84.000000	3.000000	-87.000000	36.000000	20.630510	6
34	880267106	128169500	87.000000	-84.000000	3.000000	-87.000000	36.000000	20.274718	6
35	880267106	957282605	87.000000	-84.000000	3.000000	-87.000000	36.000000	21.206669	6
36	880267106	1684488923	87.000000	-84.000000	3.000000	-87.000000	36.000000	19.599434	6
37	880267106	1435609745	87.000000	-84.000000	3.000000	-87.000000	36.000000	21.864481	6
38	880267106	1287479909	87.000000	-84.000000	3.000000	-87.000000	36.000000	20.185565	6
39	880267106	294584378	87.000000	-84.000000	3.000000	-87.000000	36.000000	21.439808	6
40	880267106	2064480644	87.000000	-84.000000	3.000000	-87.000000	36.000000	20.158432	6
41	880267106	1415163287	87.000000	-84.000000	3.000000	-87.000000	36.000000	19.874889	6
42	880267106	1879455944	87.000000	-84.000000	3.000000	-87.000000	36.000000	20.102928	6
43	880267106	494220893	87.000000	-84.000000	3.000000	-87.000000	36.000000	22.439366	6
44	880267106	853374923	87.000000	-84.000000	3.000000	-87.000000	36.000000	20.116583	6
45	880267106	555205736	87.000000	-84.000000	3.000000	-87.000000	36.000000	20.385954	6
46	880267106	1587952486	87.000000	-84.000000	3.000000	-87.000000	36.000000	21.062351	6
47	880267106	1550694574	87.000000	-84.000000	3.000000	-87.000000	36.000000	20.112543	6
48	880267106	997257223	87.000000	-84.000000	3.000000	-87.000000	36.000000	20.915911	6
49	880267106	568004869	87.000000	-84.000000	3.000000	-87.000000	36.000000	21.727072	6
