NumRep	MapSeed	InitStratSeed	BikeProfit	TransportCosts	TotalProfit	FinalHeuristic	TotalDistance	ExecutionTime	NodesExpanded
0	410179656	1967270334	55.000000	-41.100000	13.900000	-55.000000	30.600000	23.211648	7
1	410179656	1498165132	59.000000	-96.700000	-37.700000	-59.000000	75.200000	37.885155	10
2	410179656	1793950344	63.000000	-48.600000	14.400000	-63.000000	38.500000	39.260291	12
3	410179656	1670554277	46.000000	-59.900000	-13.900000	-46.000000	37.800000	31.356170	11
4	410179656	444846976	69.000000	-73.900000	-4.900000	-69.000000	38.600000	41.376055	10
5	410179656	778813111	28.000000	-58.600000	-30.600000	-28.000000	54.000000	23.901089	7
6	410179656	159611515	68.000000	-24.500000	43.500000	-68.000000	16.400000	32.181731	8
7	410179656	1248167354	68.000000	-90.600000	-22.600000	-68.000000	51.700000	48.301595	11
8	410179656	2103835117	76.000000	-50.600000	25.400000	-76.000000	31.800000	35.977446	8
9	410179656	1889118722	34.000000	-80.500000	-46.500000	-34.000000	61.400000	21.298801	6
10	410179656	139185295	58.000000	-118.400000	-60.400000	-58.000000	70.800000	28.812417	6
11	410179656	19533595	47.000000	-63.700000	-16.700000	-47.000000	49.100000	37.647483	10
12	410179656	852997601	50.000000	-53.100000	-3.100000	-50.000000	35.400000	32.657090	9
13	410179656	1897926836	62.000000	-48.800000	13.200000	-62.000000	35.200000	39.348649	11
14	410179656	760204271	47.000000	-67.800000	-20.800000	-47.000000	46.600000	47.778810	12
15	410179656	1225808859	49.000000	-46.100000	2.900000	-49.000000	38.500000	36.414914	11
16	410179656	1258557491	42.000000	-40.200000	1.800000	-42.000000	36.200000	16.812758	5
17	410179656	1844953411	51.000000	-82.900000	-31.900000	-51.000000	47.900000	35.714363	8
18	410179656	618534583	61.000000	-66.100000	-5.100000	-61.000000	50.500000	34.107535	7
19	410179656	1885474152	73.000000	-47.300000	25.700000	-73.000000	27.100000	59.606267	14
20	410179656	1887097207	64.000000	-28.800000	35.200000	-64.000000	25.200000	36.384847	9
21	410179656	1773309419	55.000000	-55.200000	-0.200000	-55.000000	33.400000	26.232485	7
22	410179656	1877424977	75.000000	-25.600000	49.400000	-75.000000	17.000000	42.753281	9
23	410179656	754356497	66.000000	-38.000000	28.000000	-66.000000	22.200000	36.515577	8
24	410179656	1152007381	42.000000	-89.000000	-47.000000	-42.000000	63.200000	28.034988	6
25	410179656	1386530507	51.000000	-118.900000	-67.900000	-51.000000	65.400000	37.350390	9
26	410179656	1255261534	46.000000	-80.300000	-34.300000	-46.000000	60.000000	22.567007	6
27	410179656	162598680	53.000000	-83.300000	-30.300000	-53.000000	53.000000	25.753823	7
28	410179656	1809756202	70.000000	-33.100000	36.900000	-70.000000	23.700000	50.372988	12
29	410179656	1661656599	72.000000	-52.700000	19.300000	-72.000000	41.900000	33.146650	8
30	410179656	1296741192	43.000000	-46.300000	-3.300000	-43.000000	46.300000	31.853079	12
31	410179656	261423603	64.000000	-96.800000	-32.800000	-64.000000	53.100000	39.192716	9
32	410179656	1822240196	67.000000	-78.000000	-11.000000	-67.000000	52.000000	34.926018	8
33	410179656	1049113199	61.000000	-82.400000	-21.400000	-61.000000	41.900000	38.557265	8
34	410179656	792155092	51.000000	-61.500000	-10.500000	-51.000000	50.000000	36.870515	11
35	410179656	2006873565	47.000000	-39.300000	7.700000	-47.000000	27.800000	29.851614	9
36	410179656	1271778787	69.000000	-35.300000	33.700000	-69.000000	23.600000	35.583305	7
37	410179656	536609603	67.000000	-70.200000	-3.200000	-67.000000	38.000000	47.224869	10
38	410179656	512592484	67.000000	-68.000000	-1.000000	-67.000000	48.600000	32.312515	8
39	410179656	1261105063	63.000000	-106.700000	-43.700000	-63.000000	68.000000	38.586124	9
40	410179656	684398332	43.000000	-42.500000	0.500000	-43.000000	35.100000	43.571419	13
41	410179656	1833536266	56.000000	-64.800000	-8.800000	-56.000000	47.200000	37.694327	10
42	410179656	1702329728	52.000000	-64.000000	-12.000000	-52.000000	50.700000	28.350559	10
43	410179656	1700789319	62.000000	-66.700000	-4.700000	-62.000000	36.500000	31.235065	8
44	410179656	168509453	36.000000	-54.200000	-18.200000	-36.000000	41.600000	20.318975	7
45	410179656	1028670149	58.000000	-55.200000	2.800000	-58.000000	37.000000	37.537670	11
46	410179656	1204267774	42.000000	-71.200000	-29.200000	-42.000000	44.600000	26.532763	7
47	410179656	1218209824	49.000000	-70.500000	-21.500000	-49.000000	45.100000	28.974099	8
48	410179656	213408096	71.000000	-36.800000	34.200000	-71.000000	30.100000	36.159454	10
49	410179656	1190219168	53.000000	-57.100000	-4.100000	-53.000000	36.800000	38.834105	11
0	1579791630	1741683887	54.000000	-69.500000	-15.500000	-54.000000	43.500000	10.667136	6
1	1579791630	497654412	61.000000	-62.400000	-1.400000	-61.000000	44.700000	16.088019	9
2	1579791630	307394408	57.000000	-88.200000	-31.200000	-57.000000	68.100000	18.146366	11
3	1579791630	869861998	78.000000	-121.800000	-43.800000	-78.000000	59.300000	23.538919	9
4	1579791630	1665074416	56.000000	-64.000000	-8.000000	-56.000000	36.300000	12.309694	9
5	1579791630	1775087571	36.000000	-50.800000	-14.800000	-36.000000	38.000000	12.610711	9
6	1579791630	1270810001	66.000000	-71.600000	-5.600000	-66.000000	43.300000	21.030839	12
7	1579791630	795944331	71.000000	-58.800000	12.200000	-71.000000	31.300000	19.975294	11
8	1579791630	1808242370	39.000000	-54.500000	-15.500000	-39.000000	42.800000	7.892651	6
9	1579791630	1457646126	73.000000	-96.600000	-23.600000	-73.000000	50.700000	23.175839	9
10	1579791630	1602096509	83.000000	-125.000000	-42.000000	-83.000000	55.100000	19.982146	10
11	1579791630	925152821	63.000000	-80.700000	-17.700000	-63.000000	42.500000	12.499672	7
12	1579791630	85104225	56.000000	-62.800000	-6.800000	-56.000000	35.000000	14.350575	10
13	1579791630	283294534	70.000000	-81.500000	-11.500000	-70.000000	48.500000	18.055031	9
14	1579791630	1996942305	65.000000	-94.000000	-29.000000	-65.000000	49.700000	33.067886	12
15	1579791630	674613361	71.000000	-69.100000	1.900000	-71.000000	36.500000	25.076733	9
16	1579791630	806069774	86.000000	-64.700000	21.300000	-86.000000	31.100000	19.074036	8
17	1579791630	190376611	78.000000	-69.600000	8.400000	-78.000000	33.600000	17.825162	9
18	1579791630	561861242	54.000000	-65.000000	-11.000000	-54.000000	49.400000	16.360552	9
19	1579791630	379831758	58.000000	-36.300000	21.700000	-58.000000	21.700000	18.156139	10
20	1579791630	884153596	81.000000	-111.100000	-30.100000	-81.000000	51.100000	20.256830	8
21	1579791630	874544929	82.000000	-116.700000	-34.700000	-82.000000	52.600000	21.331382	9
22	1579791630	1684238859	57.000000	-67.700000	-10.700000	-57.000000	42.100000	12.526637	7
23	1579791630	1408217868	60.000000	-73.400000	-13.400000	-60.000000	44.500000	16.927939	10
24	1579791630	184526607	87.000000	-84.600000	2.400000	-87.000000	38.900000	20.583084	9
25	1579791630	2855016	90.000000	-77.200000	12.800000	-90.000000	42.300000	15.942098	7
26	1579791630	195972940	50.000000	-119.500000	-69.500000	-50.000000	85.300000	16.698382	9
27	1579791630	1253233836	65.000000	-138.000000	-73.000000	-65.000000	76.100000	21.947813	10
28	1579791630	1176276020	69.000000	-98.600000	-29.600000	-69.000000	55.700000	16.281708	7
29	1579791630	248905680	69.000000	-48.000000	21.000000	-69.000000	25.900000	17.322017	12
30	1579791630	1683569956	64.000000	-73.600000	-9.600000	-64.000000	45.200000	21.315732	11
31	1579791630	2146221348	67.000000	-67.400000	-0.400000	-67.000000	51.100000	15.901504	9
32	1579791630	569483008	61.000000	-96.400000	-35.400000	-61.000000	45.900000	16.713479	10
33	1579791630	1040128429	74.000000	-74.100000	-0.100000	-74.000000	35.700000	20.493767	12
34	1579791630	1932885994	53.000000	-86.800000	-33.800000	-53.000000	50.200000	15.428705	10
35	1579791630	1653457276	66.000000	-75.900000	-9.900000	-66.000000	37.400000	14.108541	7
36	1579791630	58840273	64.000000	-69.600000	-5.600000	-64.000000	42.200000	11.433918	6
37	1579791630	985538315	69.000000	-97.400000	-28.400000	-69.000000	47.500000	13.156282	6
38	1579791630	1414732105	75.000000	-87.600000	-12.600000	-75.000000	57.800000	21.753401	10
39	1579791630	1029887615	37.000000	-46.100000	-9.100000	-37.000000	35.600000	13.043270	10
40	1579791630	1632470063	72.000000	-27.000000	45.000000	-72.000000	17.300000	14.779184	7
41	1579791630	1613149780	71.000000	-54.300000	16.700000	-71.000000	37.700000	18.398043	10
42	1579791630	1040169639	83.000000	-94.400000	-11.400000	-83.000000	40.800000	21.109332	10
43	1579791630	522704582	75.000000	-38.200000	36.800000	-75.000000	23.600000	17.591827	8
44	1579791630	562383955	57.000000	-64.300000	-7.300000	-57.000000	47.200000	10.784616	6
45	1579791630	254952626	76.000000	-29.700000	46.300000	-76.000000	17.100000	16.160507	8
46	1579791630	620290313	67.000000	-66.300000	0.700000	-67.000000	52.300000	12.818858	8
47	1579791630	1613049508	60.000000	-96.900000	-36.900000	-60.000000	49.300000	15.438505	9
48	1579791630	142255312	75.000000	-75.900000	-0.900000	-75.000000	34.100000	14.229904	7
49	1579791630	411250602	51.000000	-62.900000	-11.900000	-51.000000	35.800000	11.778914	8
0	133477094	1832538845	80.000000	-88.700000	-8.700000	-80.000000	42.100000	21.533578	10
1	133477094	1787567436	70.000000	-78.900000	-8.900000	-70.000000	44.700000	22.210689	11
2	133477094	1556214229	50.000000	-68.700000	-18.700000	-50.000000	39.500000	17.660073	8
3	133477094	785467821	56.000000	-78.200000	-22.200000	-56.000000	45.000000	18.739800	11
4	133477094	532521054	37.000000	-49.400000	-12.400000	-37.000000	39.600000	13.451477	9
5	133477094	1085169010	37.000000	-50.000000	-13.000000	-37.000000	30.200000	13.212823	11
6	133477094	969644899	68.000000	-90.500000	-22.500000	-68.000000	45.300000	22.816166	12
7	133477094	288252504	47.000000	-55.500000	-8.500000	-47.000000	35.700000	14.912495	10
8	133477094	231463902	52.000000	-88.800000	-36.800000	-52.000000	59.600000	14.114296	10
9	133477094	117566458	78.000000	-84.400000	-6.400000	-78.000000	42.800000	19.694534	9
10	133477094	379951836	53.000000	-100.600000	-47.600000	-53.000000	54.400000	17.903358	9
11	133477094	1215843992	48.000000	-73.000000	-25.000000	-48.000000	47.200000	16.972254	13
12	133477094	978949084	36.000000	-52.300000	-16.300000	-36.000000	33.500000	13.686637	10
13	133477094	709232778	60.000000	-89.200000	-29.200000	-60.000000	47.800000	19.451778	10
14	133477094	1967987393	75.000000	-76.400000	-1.400000	-75.000000	42.100000	19.543275	9
15	133477094	569576557	59.000000	-103.900000	-44.900000	-59.000000	59.100000	12.330168	7
16	133477094	270647903	74.000000	-92.900000	-18.900000	-74.000000	49.500000	21.564717	12
17	133477094	1703686654	44.000000	-63.500000	-19.500000	-44.000000	43.700000	12.523848	11
18	133477094	1101982640	56.000000	-60.600000	-4.600000	-56.000000	33.900000	21.574141	11
19	133477094	1415428873	81.000000	-90.000000	-9.000000	-81.000000	40.300000	29.329274	12
20	133477094	476985799	42.000000	-90.300000	-48.300000	-42.000000	61.900000	14.660498	10
21	133477094	716272805	70.000000	-101.000000	-31.000000	-70.000000	53.200000	16.875648	9
22	133477094	545358661	79.000000	-93.600000	-14.600000	-79.000000	55.300000	15.095859	7
23	133477094	1399430733	61.000000	-80.800000	-19.800000	-61.000000	42.300000	23.456146	10
24	133477094	688421423	40.000000	-62.700000	-22.700000	-40.000000	42.900000	12.070266	9
25	133477094	645554839	71.000000	-88.500000	-17.500000	-71.000000	49.900000	22.086861	10
26	133477094	1852172078	77.000000	-65.700000	11.300000	-77.000000	27.300000	27.459530	12
27	133477094	894847459	32.000000	-57.900000	-25.900000	-32.000000	53.700000	8.688321	7
28	133477094	989327013	82.000000	-107.600000	-25.600000	-82.000000	57.400000	19.267961	9
29	133477094	587117134	55.000000	-70.100000	-15.100000	-55.000000	47.800000	12.015387	8
30	133477094	172260679	80.000000	-82.100000	-2.100000	-80.000000	33.700000	26.827550	11
31	133477094	1261434085	62.000000	-70.700000	-8.700000	-62.000000	43.400000	14.938544	8
32	133477094	726831772	72.000000	-58.000000	14.000000	-72.000000	29.500000	23.456072	10
33	133477094	1404143078	74.000000	-103.700000	-29.700000	-74.000000	48.500000	24.203329	11
34	133477094	259704252	84.000000	-90.800000	-6.800000	-84.000000	39.200000	21.336971	11
35	133477094	1053619361	86.000000	-62.300000	23.700000	-86.000000	28.700000	25.231357	10
36	133477094	319094376	45.000000	-65.300000	-20.300000	-45.000000	39.500000	10.632207	6
37	133477094	1391680201	74.000000	-75.600000	-1.600000	-74.000000	40.500000	23.238282	11
38	133477094	1108278073	73.000000	-104.800000	-31.800000	-73.000000	57.600000	19.937622	9
39	133477094	1883725829	55.000000	-94.600000	-39.600000	-55.000000	57.200000	15.706405	9
40	133477094	437706256	58.000000	-79.700000	-21.700000	-58.000000	49.900000	14.945483	10
41	133477094	1236967547	67.000000	-70.800000	-3.800000	-67.000000	30.700000	13.833899	7
42	133477094	549363000	37.000000	-58.300000	-21.300000	-37.000000	38.500000	12.468743	11
43	133477094	1733286712	56.000000	-65.100000	-9.100000	-56.000000	40.100000	22.015152	13
44	133477094	1720765692	69.000000	-73.100000	-4.100000	-69.000000	43.900000	20.486236	10
45	133477094	1585444881	52.000000	-62.000000	-10.000000	-52.000000	29.000000	17.027352	11
46	133477094	1448927392	72.000000	-106.300000	-34.300000	-72.000000	60.500000	18.623776	8
47	133477094	2069269031	78.000000	-111.100000	-33.100000	-78.000000	48.500000	19.774595	9
48	133477094	1724423063	37.000000	-65.600000	-28.600000	-37.000000	45.800000	15.339990	10
49	133477094	557521802	60.000000	-74.000000	-14.000000	-60.000000	43.600000	18.422618	10
0	835693683	272874775	65.000000	-44.900000	20.100000	-65.000000	30.100000	13.834592	10
1	835693683	2026369065	71.000000	-62.700000	8.300000	-71.000000	41.400000	13.855751	7
2	835693683	1673352291	84.000000	-49.600000	34.400000	-84.000000	23.600000	25.309718	10
3	835693683	436443598	71.000000	-62.200000	8.800000	-71.000000	41.400000	21.276109	10
4	835693683	852772117	59.000000	-45.100000	13.900000	-59.000000	35.400000	14.824384	10
5	835693683	199368448	72.000000	-41.000000	31.000000	-72.000000	22.500000	16.874684	8
6	835693683	404654193	74.000000	-35.500000	38.500000	-74.000000	19.600000	15.154047	8
7	835693683	1038577849	55.000000	-37.200000	17.800000	-55.000000	26.600000	14.203197	9
8	835693683	1164661970	59.000000	-42.700000	16.300000	-59.000000	32.300000	13.885314	8
9	835693683	1257324663	54.000000	-24.000000	30.000000	-54.000000	18.500000	25.084061	12
10	835693683	1757233644	56.000000	-45.800000	10.200000	-56.000000	24.100000	18.957799	8
11	835693683	888679502	75.000000	-52.600000	22.400000	-75.000000	35.800000	22.197106	9
12	835693683	201220949	38.000000	-45.800000	-7.800000	-38.000000	40.400000	11.585654	8
13	835693683	918115208	81.000000	-52.400000	28.600000	-81.000000	23.100000	21.770647	9
14	835693683	1628644261	66.000000	-53.900000	12.100000	-66.000000	38.600000	11.441426	6
15	835693683	2009279143	58.000000	-66.900000	-8.900000	-58.000000	42.300000	8.116577	5
16	835693683	1697860318	60.000000	-40.100000	19.900000	-60.000000	27.500000	16.119968	10
17	835693683	1173622155	44.000000	-34.300000	9.700000	-44.000000	27.300000	15.939008	12
18	835693683	222115860	55.000000	-96.100000	-41.100000	-55.000000	46.000000	16.221512	11
19	835693683	2141627711	41.000000	-40.500000	0.500000	-41.000000	38.900000	12.422395	9
20	835693683	1336802178	21.000000	-45.900000	-24.900000	-21.000000	45.900000	5.299485	5
21	835693683	1395646205	68.000000	-48.400000	19.600000	-68.000000	27.300000	16.805005	10
22	835693683	950638619	65.000000	-43.800000	21.200000	-65.000000	30.900000	17.805822	10
23	835693683	2090060499	66.000000	-48.900000	17.100000	-66.000000	27.900000	20.768611	8
24	835693683	61429596	65.000000	-78.400000	-13.400000	-65.000000	50.800000	26.814237	10
25	835693683	1293050008	85.000000	-47.400000	37.600000	-85.000000	28.400000	23.792079	8
26	835693683	1234877151	68.000000	-34.800000	33.200000	-68.000000	20.600000	18.155164	9
27	835693683	922927016	52.000000	-29.500000	22.500000	-52.000000	24.700000	14.797976	10
28	835693683	538457154	64.000000	-35.800000	28.200000	-64.000000	23.500000	22.169359	11
29	835693683	990062839	60.000000	-55.800000	4.200000	-60.000000	30.000000	21.247190	11
30	835693683	1334668536	35.000000	-53.800000	-18.800000	-35.000000	41.400000	7.264953	5
31	835693683	728598513	68.000000	-30.400000	37.600000	-68.000000	19.100000	26.936682	14
32	835693683	892045542	77.000000	-32.200000	44.800000	-77.000000	16.600000	20.123598	8
33	835693683	65276352	66.000000	-51.200000	14.800000	-66.000000	28.100000	16.169101	8
34	835693683	791572281	75.000000	-61.800000	13.200000	-75.000000	30.900000	22.478197	10
35	835693683	1648810014	31.000000	-29.900000	1.100000	-31.000000	29.900000	10.335822	9
36	835693683	1958395573	74.000000	-57.400000	16.600000	-74.000000	30.800000	16.237626	8
37	835693683	337360038	67.000000	-40.300000	26.700000	-67.000000	24.500000	34.683891	13
38	835693683	523025988	52.000000	-52.600000	-0.600000	-52.000000	37.700000	20.446860	7
39	835693683	285331049	92.000000	-59.300000	32.700000	-92.000000	26.700000	23.178914	10
40	835693683	61549903	61.000000	-32.900000	28.100000	-61.000000	21.200000	17.221216	9
41	835693683	64473378	44.000000	-41.700000	2.300000	-44.000000	32.300000	15.925806	10
42	835693683	1708491298	70.000000	-44.000000	26.000000	-70.000000	32.400000	17.411320	9
43	835693683	778015893	63.000000	-47.200000	15.800000	-63.000000	26.800000	14.902109	7
44	835693683	1309916782	57.000000	-45.800000	11.200000	-57.000000	31.900000	17.939860	7
45	835693683	906709293	51.000000	-90.000000	-39.000000	-51.000000	55.500000	13.641865	7
46	835693683	2013701286	52.000000	-47.100000	4.900000	-52.000000	41.600000	14.358231	8
47	835693683	1440213031	78.000000	-68.100000	9.900000	-78.000000	42.900000	21.296298	9
48	835693683	1517926483	63.000000	-56.800000	6.200000	-63.000000	37.900000	18.713593	9
49	835693683	340686467	64.000000	-50.300000	13.700000	-64.000000	25.000000	16.231642	7
0	197925380	1751310009	65.000000	-49.700000	15.300000	-65.000000	28.300000	18.779485	10
1	197925380	1614691951	41.000000	-39.100000	1.900000	-41.000000	28.200000	12.331522	7
2	197925380	1375962584	47.000000	-23.700000	23.300000	-47.000000	20.200000	17.162663	12
3	197925380	179467366	60.000000	-30.400000	29.600000	-60.000000	20.500000	18.227258	11
4	197925380	1005370605	56.000000	-43.400000	12.600000	-56.000000	32.900000	14.887361	8
5	197925380	1594257604	63.000000	-50.700000	12.300000	-63.000000	31.700000	23.395181	12
6	197925380	1288211789	63.000000	-34.400000	28.600000	-63.000000	28.000000	17.707300	10
7	197925380	42610474	56.000000	-32.900000	23.100000	-56.000000	28.300000	16.924897	10
8	197925380	1321384744	47.000000	-19.800000	27.200000	-47.000000	18.600000	16.954025	14
9	197925380	28260589	47.000000	-21.500000	25.500000	-47.000000	17.700000	17.569040	11
10	197925380	1297213337	56.000000	-26.200000	29.800000	-56.000000	20.100000	13.638220	8
11	197925380	546540043	58.000000	-38.700000	19.300000	-58.000000	26.600000	13.396181	8
12	197925380	1591691910	60.000000	-39.600000	20.400000	-60.000000	27.200000	22.713932	11
13	197925380	2010757367	53.000000	-32.300000	20.700000	-53.000000	20.900000	12.617211	8
14	197925380	985203138	32.000000	-48.300000	-16.300000	-32.000000	48.300000	8.139191	6
15	197925380	568060390	49.000000	-21.800000	27.200000	-49.000000	13.900000	8.800240	6
16	197925380	1279298860	60.000000	-37.500000	22.500000	-60.000000	22.600000	19.132234	12
17	197925380	995474037	44.000000	-21.700000	22.300000	-44.000000	21.400000	14.574691	10
18	197925380	596029884	31.000000	-34.900000	-3.900000	-31.000000	34.900000	15.487447	10
19	197925380	1475996700	47.000000	-20.800000	26.200000	-47.000000	16.600000	14.737686	10
20	197925380	1663016855	31.000000	-23.200000	7.800000	-31.000000	18.500000	9.207224	7
21	197925380	564869676	61.000000	-29.200000	31.800000	-61.000000	19.400000	22.848456	11
22	197925380	109957795	64.000000	-31.400000	32.600000	-64.000000	20.100000	20.498856	12
23	197925380	215770376	49.000000	-33.500000	15.500000	-49.000000	31.400000	12.670923	7
24	197925380	433048019	69.000000	-92.700000	-23.700000	-69.000000	52.400000	29.051971	10
25	197925380	1821514450	54.000000	-37.800000	16.200000	-54.000000	30.300000	17.733253	9
26	197925380	2030324733	58.000000	-28.600000	29.400000	-58.000000	22.600000	21.264557	13
27	197925380	356649182	63.000000	-56.000000	7.000000	-63.000000	38.700000	20.048242	11
28	197925380	140155119	47.000000	-27.400000	19.600000	-47.000000	23.000000	12.509956	9
29	197925380	1777664191	55.000000	-32.100000	22.900000	-55.000000	29.200000	13.146960	9
30	197925380	473922727	50.000000	-59.300000	-9.300000	-50.000000	35.300000	15.212641	10
31	197925380	1866905805	56.000000	-40.100000	15.900000	-56.000000	23.500000	12.970020	9
32	197925380	764272686	49.000000	-30.600000	18.400000	-49.000000	22.000000	14.786700	12
33	197925380	1253856383	62.000000	-27.800000	34.200000	-62.000000	17.800000	29.838625	10
34	197925380	1561924117	59.000000	-22.100000	36.900000	-59.000000	17.000000	23.147741	10
35	197925380	722697196	59.000000	-41.800000	17.200000	-59.000000	34.000000	20.607751	10
36	197925380	1993384368	47.000000	-56.700000	-9.700000	-47.000000	36.400000	16.958064	10
37	197925380	574517044	58.000000	-44.500000	13.500000	-58.000000	31.200000	17.333387	9
38	197925380	1386300475	53.000000	-31.900000	21.100000	-53.000000	22.300000	17.080973	10
39	197925380	811474355	36.000000	-49.500000	-13.500000	-36.000000	35.900000	7.454776	6
40	197925380	1974722720	31.000000	-20.400000	10.600000	-31.000000	18.400000	10.490766	10
41	197925380	2127686807	47.000000	-27.100000	19.900000	-47.000000	21.500000	17.525889	12
42	197925380	1097038684	47.000000	-19.100000	27.900000	-47.000000	17.900000	17.838307	13
43	197925380	1006990663	36.000000	-53.100000	-17.100000	-36.000000	40.700000	12.272725	8
44	197925380	936663580	17.000000	-35.200000	-18.200000	-17.000000	35.200000	4.901957	4
45	197925380	1050617632	46.000000	-26.400000	19.600000	-46.000000	22.900000	13.266091	9
46	197925380	1277320522	31.000000	-28.100000	2.900000	-31.000000	26.100000	10.649904	10
47	197925380	766989608	33.000000	-45.700000	-12.700000	-33.000000	41.000000	6.331264	5
48	197925380	1396843982	42.000000	-26.800000	15.200000	-42.000000	22.400000	14.995229	12
49	197925380	711842501	50.000000	-30.700000	19.300000	-50.000000	14.200000	16.848246	9
0	1068145833	267922757	67.000000	-68.100000	-1.100000	-67.000000	34.700000	23.177123	13
1	1068145833	1462244578	67.000000	-61.100000	5.900000	-67.000000	35.400000	9.807431	6
2	1068145833	2066691004	58.000000	-32.200000	25.800000	-58.000000	21.100000	15.361415	9
3	1068145833	138479925	75.000000	-59.800000	15.200000	-75.000000	35.500000	26.522635	13
4	1068145833	1599346353	43.000000	-57.200000	-14.200000	-43.000000	33.000000	15.766276	11
5	1068145833	496274716	47.000000	-62.800000	-15.800000	-47.000000	35.000000	11.932734	9
6	1068145833	853393925	53.000000	-64.600000	-11.600000	-53.000000	33.800000	17.346465	10
7	1068145833	221712516	56.000000	-39.900000	16.100000	-56.000000	24.200000	15.157288	10
8	1068145833	1909447141	63.000000	-76.100000	-13.100000	-63.000000	42.600000	15.766064	8
9	1068145833	82056939	55.000000	-54.200000	0.800000	-55.000000	36.400000	11.350285	6
10	1068145833	1888134109	43.000000	-41.500000	1.500000	-43.000000	31.500000	19.766986	12
11	1068145833	1612571047	54.000000	-57.700000	-3.700000	-54.000000	30.000000	11.572827	7
12	1068145833	1363170229	57.000000	-46.400000	10.600000	-57.000000	34.600000	16.450529	11
13	1068145833	101819035	62.000000	-60.000000	2.000000	-62.000000	37.000000	18.649110	12
14	1068145833	1379756318	60.000000	-67.800000	-7.800000	-60.000000	43.300000	17.287979	11
15	1068145833	1889463431	75.000000	-81.500000	-6.500000	-75.000000	42.200000	15.875981	8
16	1068145833	941777523	56.000000	-70.200000	-14.200000	-56.000000	40.300000	18.666797	11
17	1068145833	1389543243	72.000000	-65.200000	6.800000	-72.000000	28.900000	16.953900	9
18	1068145833	1049081415	69.000000	-61.600000	7.400000	-69.000000	37.400000	19.343311	10
19	1068145833	59909295	73.000000	-67.800000	5.200000	-73.000000	34.800000	20.396563	11
20	1068145833	938055095	55.000000	-33.600000	21.400000	-55.000000	19.700000	12.812685	9
21	1068145833	1454767554	64.000000	-69.800000	-5.800000	-64.000000	35.600000	20.511240	11
22	1068145833	29861836	66.000000	-39.900000	26.100000	-66.000000	22.600000	14.220985	9
23	1068145833	51983926	57.000000	-31.800000	25.200000	-57.000000	19.600000	17.713970	11
24	1068145833	473793804	40.000000	-39.200000	0.800000	-40.000000	24.800000	12.549057	9
25	1068145833	146028837	56.000000	-51.800000	4.200000	-56.000000	34.800000	15.362386	10
26	1068145833	1738235057	62.000000	-61.300000	0.700000	-62.000000	35.500000	17.785305	13
27	1068145833	712254283	65.000000	-75.400000	-10.400000	-65.000000	46.100000	13.168255	7
28	1068145833	726847455	72.000000	-48.800000	23.200000	-72.000000	21.000000	13.515766	7
29	1068145833	27904040	67.000000	-44.300000	22.700000	-67.000000	26.300000	17.198557	11
30	1068145833	646097483	36.000000	-66.000000	-30.000000	-36.000000	47.800000	10.006163	7
31	1068145833	877939037	76.000000	-76.800000	-0.800000	-76.000000	40.200000	19.117172	8
32	1068145833	1546437710	68.000000	-77.500000	-9.500000	-68.000000	41.200000	25.977653	13
33	1068145833	97293841	40.000000	-58.500000	-18.500000	-40.000000	34.100000	12.341405	9
34	1068145833	1447819045	64.000000	-67.500000	-3.500000	-64.000000	32.900000	19.484076	10
35	1068145833	1712508499	64.000000	-39.400000	24.600000	-64.000000	24.400000	25.190175	13
36	1068145833	137670226	60.000000	-40.300000	19.700000	-60.000000	21.100000	22.193053	11
37	1068145833	2094277729	44.000000	-69.900000	-25.900000	-44.000000	45.700000	16.006088	13
38	1068145833	1082736330	50.000000	-37.900000	12.100000	-50.000000	28.900000	11.778589	8
39	1068145833	1506768295	74.000000	-52.400000	21.600000	-74.000000	28.300000	19.675573	12
40	1068145833	2117324672	57.000000	-46.200000	10.800000	-57.000000	26.200000	15.423300	11
41	1068145833	908620872	57.000000	-69.200000	-12.200000	-57.000000	39.300000	18.784208	11
42	1068145833	619330713	57.000000	-62.200000	-5.200000	-57.000000	41.500000	11.464996	7
43	1068145833	1159519760	70.000000	-79.400000	-9.400000	-70.000000	44.000000	23.062983	10
44	1068145833	828177902	72.000000	-62.700000	9.300000	-72.000000	30.500000	22.887693	11
45	1068145833	1275909953	43.000000	-51.800000	-8.800000	-43.000000	27.600000	11.533868	10
46	1068145833	167296699	67.000000	-63.800000	3.200000	-67.000000	30.800000	16.201380	7
47	1068145833	696198782	56.000000	-50.600000	5.400000	-56.000000	31.000000	15.092806	9
48	1068145833	129166093	70.000000	-79.500000	-9.500000	-70.000000	40.100000	20.776659	11
49	1068145833	39561390	56.000000	-62.900000	-6.900000	-56.000000	35.200000	18.720534	9
0	1950082913	2145249973	55.000000	-49.700000	5.300000	-55.000000	34.300000	20.209359	12
1	1950082913	1797013239	40.000000	-43.900000	-3.900000	-40.000000	34.500000	14.228269	10
2	1950082913	88467680	48.000000	-46.900000	1.100000	-48.000000	34.700000	11.474222	7
3	1950082913	2065145299	63.000000	-46.400000	16.600000	-63.000000	32.400000	19.947119	11
4	1950082913	793205787	65.000000	-44.700000	20.300000	-65.000000	36.300000	14.755446	9
5	1950082913	262667412	39.000000	-60.500000	-21.500000	-39.000000	53.400000	8.916432	6
6	1950082913	458584426	32.000000	-51.000000	-19.000000	-32.000000	46.200000	8.650190	7
7	1950082913	1278986328	59.000000	-47.100000	11.900000	-59.000000	39.000000	15.047681	10
8	1950082913	366888971	58.000000	-43.800000	14.200000	-58.000000	31.000000	21.986664	14
9	1950082913	460892012	48.000000	-56.000000	-8.000000	-48.000000	40.700000	9.460272	5
10	1950082913	259028779	65.000000	-52.900000	12.100000	-65.000000	24.900000	24.585320	9
11	1950082913	614918096	52.000000	-42.300000	9.700000	-52.000000	33.500000	18.417307	9
12	1950082913	533966273	52.000000	-36.500000	15.500000	-52.000000	31.700000	16.593217	10
13	1950082913	1421728821	56.000000	-42.000000	14.000000	-56.000000	30.800000	21.251779	12
14	1950082913	462045666	65.000000	-37.300000	27.700000	-65.000000	29.700000	22.231578	12
15	1950082913	703305189	59.000000	-33.700000	25.300000	-59.000000	23.700000	17.821708	10
16	1950082913	997535117	33.000000	-46.400000	-13.400000	-33.000000	40.800000	18.558735	14
17	1950082913	594477560	54.000000	-58.700000	-4.700000	-54.000000	52.500000	12.265269	7
18	1950082913	506564568	49.000000	-47.900000	1.100000	-49.000000	34.500000	18.723841	11
19	1950082913	1505891631	47.000000	-56.900000	-9.900000	-47.000000	50.700000	14.894304	9
20	1950082913	1860070929	63.000000	-78.900000	-15.900000	-63.000000	42.800000	16.896081	9
21	1950082913	1560433026	37.000000	-35.500000	1.500000	-37.000000	28.700000	12.903172	8
22	1950082913	116068076	53.000000	-48.400000	4.600000	-53.000000	31.400000	15.424074	11
23	1950082913	2078313679	53.000000	-74.400000	-21.400000	-53.000000	49.900000	17.119769	9
24	1950082913	872016105	38.000000	-38.500000	-0.500000	-38.000000	26.100000	10.289914	8
25	1950082913	12944649	54.000000	-43.500000	10.500000	-54.000000	31.100000	15.563419	7
26	1950082913	1164557946	63.000000	-52.800000	10.200000	-63.000000	34.000000	24.882226	13
27	1950082913	1810328384	30.000000	-39.400000	-9.400000	-30.000000	39.400000	10.458016	9
28	1950082913	1045831997	56.000000	-40.300000	15.700000	-56.000000	32.500000	17.715099	9
29	1950082913	677719743	40.000000	-27.100000	12.900000	-40.000000	21.100000	17.079971	13
30	1950082913	1920612313	65.000000	-58.800000	6.200000	-65.000000	38.700000	21.658884	9
31	1950082913	180286024	43.000000	-27.300000	15.700000	-43.000000	21.300000	14.784511	9
32	1950082913	1509179174	46.000000	-31.600000	14.400000	-46.000000	26.800000	23.579603	14
33	1950082913	1959770144	38.000000	-32.000000	6.000000	-38.000000	27.200000	14.405973	10
34	1950082913	253091954	42.000000	-75.400000	-33.400000	-42.000000	59.600000	11.942332	7
35	1950082913	1432545744	23.000000	-36.800000	-13.800000	-23.000000	36.800000	11.105416	10
36	1950082913	1909790498	67.000000	-48.900000	18.100000	-67.000000	36.300000	16.519541	9
37	1950082913	943786580	56.000000	-38.100000	17.900000	-56.000000	25.700000	22.773332	12
38	1950082913	1874002400	60.000000	-42.800000	17.200000	-60.000000	27.600000	22.204155	10
39	1950082913	28932808	30.000000	-57.700000	-27.700000	-30.000000	55.100000	9.903123	7
40	1950082913	11113820	51.000000	-38.400000	12.600000	-51.000000	29.000000	21.163588	12
41	1950082913	182705053	49.000000	-33.200000	15.800000	-49.000000	29.000000	16.840311	9
42	1950082913	931581103	53.000000	-31.300000	21.700000	-53.000000	22.500000	13.469006	8
43	1950082913	414331741	45.000000	-39.400000	5.600000	-45.000000	30.000000	13.031866	8
44	1950082913	900436916	61.000000	-63.400000	-2.400000	-61.000000	46.200000	17.764508	9
45	1950082913	1477814242	66.000000	-68.300000	-2.300000	-66.000000	50.300000	22.998222	9
46	1950082913	688799721	60.000000	-39.100000	20.900000	-60.000000	25.200000	15.643451	9
47	1950082913	1334456583	57.000000	-27.500000	29.500000	-57.000000	19.900000	18.072914	11
48	1950082913	1933842292	55.000000	-34.200000	20.800000	-55.000000	26.600000	16.520616	9
49	1950082913	1190809552	38.000000	-49.300000	-11.300000	-38.000000	41.000000	17.381027	10
0	600444519	441904652	69.000000	-83.400000	-14.400000	-69.000000	57.400000	17.322482	8
1	600444519	1442655049	47.000000	-74.900000	-27.900000	-47.000000	44.900000	18.551182	9
2	600444519	2016012238	41.000000	-57.700000	-16.700000	-41.000000	50.100000	14.800944	11
3	600444519	1780001009	69.000000	-98.300000	-29.300000	-69.000000	51.000000	25.815128	15
4	600444519	539040195	73.000000	-102.600000	-29.600000	-73.000000	54.700000	18.920653	10
5	600444519	391935745	79.000000	-75.200000	3.800000	-79.000000	37.600000	22.112902	9
6	600444519	1987712955	74.000000	-94.900000	-20.900000	-74.000000	54.200000	23.691325	11
7	600444519	1752768112	52.000000	-45.800000	6.200000	-52.000000	38.200000	17.272479	10
8	600444519	1273397784	55.000000	-50.000000	5.000000	-55.000000	33.900000	20.856032	12
9	600444519	54005439	69.000000	-64.400000	4.600000	-69.000000	40.700000	24.477447	11
10	600444519	1286712932	65.000000	-50.200000	14.800000	-65.000000	33.200000	23.442190	12
11	600444519	725308662	62.000000	-70.300000	-8.300000	-62.000000	41.400000	20.557847	11
12	600444519	406634986	58.000000	-55.000000	3.000000	-58.000000	35.700000	18.956098	12
13	600444519	749507619	76.000000	-98.500000	-22.500000	-76.000000	60.200000	24.248454	12
14	600444519	776062974	44.000000	-39.200000	4.800000	-44.000000	36.900000	12.713510	10
15	600444519	2003295570	52.000000	-60.800000	-8.800000	-52.000000	41.300000	9.789025	6
16	600444519	831319974	52.000000	-36.800000	15.200000	-52.000000	34.500000	17.726843	11
17	600444519	1629396295	72.000000	-99.300000	-27.300000	-72.000000	53.800000	19.698341	11
18	600444519	862173956	68.000000	-50.700000	17.300000	-68.000000	34.200000	16.635432	11
19	600444519	2117631442	49.000000	-69.000000	-20.000000	-49.000000	50.200000	14.604088	10
20	600444519	1514440483	51.000000	-52.900000	-1.900000	-51.000000	36.300000	16.520839	13
21	600444519	1635496146	68.000000	-60.200000	7.800000	-68.000000	36.900000	20.575442	10
22	600444519	1453685171	61.000000	-54.400000	6.600000	-61.000000	34.200000	14.953483	9
23	600444519	258196211	48.000000	-67.700000	-19.700000	-48.000000	46.400000	16.614889	10
24	600444519	2004909439	69.000000	-84.500000	-15.500000	-69.000000	56.700000	15.626852	6
25	600444519	2066066383	61.000000	-58.100000	2.900000	-61.000000	36.700000	26.634422	11
26	600444519	1466603311	68.000000	-33.800000	34.200000	-68.000000	24.100000	20.778824	11
27	600444519	1112635773	71.000000	-73.100000	-2.100000	-71.000000	40.700000	19.485825	10
28	600444519	2085583978	78.000000	-56.400000	21.600000	-78.000000	32.400000	21.952998	9
29	600444519	1416466074	77.000000	-88.900000	-11.900000	-77.000000	53.600000	25.100474	12
30	600444519	1548679187	80.000000	-103.600000	-23.600000	-80.000000	51.800000	28.286242	12
31	600444519	594349792	63.000000	-89.400000	-26.400000	-63.000000	52.500000	21.403130	13
32	600444519	810042615	34.000000	-34.700000	-0.700000	-34.000000	32.400000	10.873569	9
33	600444519	2015539814	70.000000	-106.100000	-36.100000	-70.000000	66.800000	17.060322	9
34	600444519	1090005217	70.000000	-53.900000	16.100000	-70.000000	37.300000	20.733648	9
35	600444519	74111862	69.000000	-74.300000	-5.300000	-69.000000	40.000000	23.645742	13
36	600444519	1221671727	47.000000	-58.500000	-11.500000	-47.000000	38.300000	17.088182	10
37	600444519	928736919	58.000000	-63.100000	-5.100000	-58.000000	47.000000	15.397402	8
38	600444519	2139250247	50.000000	-87.400000	-37.400000	-50.000000	58.400000	16.622405	8
39	600444519	871715464	46.000000	-37.400000	8.600000	-46.000000	29.500000	12.440598	8
40	600444519	2065045890	65.000000	-33.200000	31.800000	-65.000000	23.400000	20.047475	11
41	600444519	1480324418	65.000000	-38.200000	26.800000	-65.000000	27.200000	24.005965	12
42	600444519	508959514	51.000000	-43.700000	7.300000	-51.000000	33.200000	15.368295	12
43	600444519	450305241	66.000000	-56.900000	9.100000	-66.000000	35.600000	23.435167	10
44	600444519	256428969	65.000000	-63.200000	1.800000	-65.000000	37.800000	25.311359	12
45	600444519	1008800183	37.000000	-67.500000	-30.500000	-37.000000	60.800000	10.812812	9
46	600444519	2010349682	46.000000	-56.200000	-10.200000	-46.000000	40.900000	20.725880	12
47	600444519	173480138	62.000000	-63.000000	-1.000000	-62.000000	40.600000	17.076983	9
48	600444519	342520331	58.000000	-51.600000	6.400000	-58.000000	32.600000	19.737008	11
49	600444519	791850004	46.000000	-24.400000	21.600000	-46.000000	22.100000	21.119523	10
0	2140441359	1949094464	71.000000	-80.400000	-9.400000	-71.000000	40.200000	20.302427	10
1	2140441359	1555618514	80.000000	-106.600000	-26.600000	-80.000000	48.400000	25.210085	11
2	2140441359	1955016962	80.000000	-75.900000	4.100000	-80.000000	35.100000	17.094254	11
3	2140441359	1591111631	75.000000	-99.100000	-24.100000	-75.000000	42.200000	15.888439	8
4	2140441359	561546475	82.000000	-84.500000	-2.500000	-82.000000	40.200000	22.540425	11
5	2140441359	165283204	74.000000	-70.700000	3.300000	-74.000000	31.900000	16.786192	8
6	2140441359	1751121057	65.000000	-72.000000	-7.000000	-65.000000	41.400000	12.909399	7
7	2140441359	1258175288	81.000000	-75.100000	5.900000	-81.000000	32.800000	21.596946	11
8	2140441359	829526877	78.000000	-80.500000	-2.500000	-78.000000	42.300000	24.288527	11
9	2140441359	551311865	65.000000	-51.600000	13.400000	-65.000000	25.600000	12.881939	9
10	2140441359	987342585	66.000000	-92.800000	-26.800000	-66.000000	50.400000	16.351399	11
11	2140441359	1185613350	85.000000	-124.800000	-39.800000	-85.000000	66.900000	20.307697	11
12	2140441359	68732330	37.000000	-48.200000	-11.200000	-37.000000	36.800000	8.512718	8
13	2140441359	1419980390	64.000000	-102.100000	-38.100000	-64.000000	58.200000	17.705227	11
14	2140441359	1082223071	61.000000	-78.600000	-17.600000	-61.000000	35.500000	12.469926	10
15	2140441359	2091680515	62.000000	-59.700000	2.300000	-62.000000	36.200000	10.888461	6
16	2140441359	1784872788	47.000000	-70.200000	-23.200000	-47.000000	39.200000	9.889500	8
17	2140441359	251486418	68.000000	-89.800000	-21.800000	-68.000000	46.800000	14.595235	8
18	2140441359	1468607959	66.000000	-66.100000	-0.100000	-66.000000	35.500000	16.859086	10
19	2140441359	820951019	58.000000	-74.300000	-16.300000	-58.000000	36.400000	11.145465	7
20	2140441359	686554981	82.000000	-75.800000	6.200000	-82.000000	36.500000	19.901970	10
21	2140441359	2139298227	75.000000	-88.700000	-13.700000	-75.000000	38.100000	20.319117	12
22	2140441359	1650270044	63.000000	-75.100000	-12.100000	-63.000000	33.000000	19.254491	11
23	2140441359	1470674622	82.000000	-101.900000	-19.900000	-82.000000	45.800000	22.591939	12
24	2140441359	88607376	79.000000	-103.000000	-24.000000	-79.000000	47.300000	15.520681	7
25	2140441359	984659853	82.000000	-85.600000	-3.600000	-82.000000	40.900000	19.052862	9
26	2140441359	1323215749	80.000000	-69.600000	10.400000	-80.000000	34.100000	14.363903	7
27	2140441359	1383267132	82.000000	-99.000000	-17.000000	-82.000000	45.800000	24.908568	11
28	2140441359	1810463750	73.000000	-62.100000	10.900000	-73.000000	36.400000	11.213583	6
29	2140441359	884728325	84.000000	-97.000000	-13.000000	-84.000000	48.400000	15.857807	7
30	2140441359	42591747	83.000000	-84.200000	-1.200000	-83.000000	38.100000	22.042710	11
31	2140441359	965899157	62.000000	-68.400000	-6.400000	-62.000000	35.700000	13.737985	7
32	2140441359	640630507	91.000000	-93.800000	-2.800000	-91.000000	40.400000	17.609369	9
33	2140441359	1983890747	86.000000	-73.300000	12.700000	-86.000000	33.300000	24.262937	11
34	2140441359	1735021993	66.000000	-68.500000	-2.500000	-66.000000	34.100000	22.464310	9
35	2140441359	879046306	87.000000	-74.100000	12.900000	-87.000000	32.700000	22.999959	10
36	2140441359	366030663	56.000000	-63.600000	-7.600000	-56.000000	29.600000	14.809902	10
37	2140441359	796751017	79.000000	-84.700000	-5.700000	-79.000000	44.300000	24.811141	13
38	2140441359	224668213	79.000000	-76.900000	2.100000	-79.000000	33.300000	27.177061	14
39	2140441359	1954395104	90.000000	-96.700000	-6.700000	-90.000000	48.200000	19.162101	9
40	2140441359	2088723406	66.000000	-89.800000	-23.800000	-66.000000	43.200000	14.002720	9
41	2140441359	1234007857	82.000000	-94.900000	-12.900000	-82.000000	45.500000	18.259768	8
42	2140441359	1593235802	55.000000	-67.400000	-12.400000	-55.000000	38.900000	10.363097	6
43	2140441359	1805255164	88.000000	-96.000000	-8.000000	-88.000000	39.900000	22.442672	9
44	2140441359	2083085958	62.000000	-74.700000	-12.700000	-62.000000	42.300000	13.805819	7
45	2140441359	1132427639	86.000000	-80.700000	5.300000	-86.000000	32.000000	18.814285	9
46	2140441359	1212031967	61.000000	-87.300000	-26.300000	-61.000000	45.200000	12.416884	7
47	2140441359	1296250471	89.000000	-69.400000	19.600000	-89.000000	29.900000	27.046371	10
48	2140441359	906110600	81.000000	-75.100000	5.900000	-81.000000	32.800000	20.033560	11
49	2140441359	201664945	66.000000	-80.300000	-14.300000	-66.000000	37.300000	14.621520	8
0	1963503508	740010863	55.000000	-88.400000	-33.400000	-55.000000	65.200000	16.595025	9
1	1963503508	840026456	61.000000	-78.400000	-17.400000	-61.000000	48.800000	18.378087	12
2	1963503508	2091506408	50.000000	-47.800000	2.200000	-50.000000	29.800000	14.608894	8
3	1963503508	1568870539	45.000000	-67.100000	-22.100000	-45.000000	48.100000	14.506280	9
4	1963503508	1048152349	44.000000	-45.300000	-1.300000	-44.000000	29.300000	12.103865	9
5	1963503508	1153916368	83.000000	-73.700000	9.300000	-83.000000	33.000000	24.637177	12
6	1963503508	1341312020	47.000000	-61.300000	-14.300000	-47.000000	52.400000	9.397006	7
7	1963503508	1953444813	84.000000	-86.300000	-2.300000	-84.000000	40.600000	20.705126	9
8	1963503508	1977447486	48.000000	-41.600000	6.400000	-48.000000	32.100000	14.154796	10
9	1963503508	1271529941	85.000000	-118.700000	-33.700000	-85.000000	71.000000	22.158823	8
10	1963503508	589712207	70.000000	-86.600000	-16.600000	-70.000000	44.400000	15.631025	9
11	1963503508	1762938003	64.000000	-72.300000	-8.300000	-64.000000	37.300000	20.154899	9
12	1963503508	321877833	36.000000	-95.500000	-59.500000	-36.000000	76.800000	9.885759	7
13	1963503508	469531287	55.000000	-84.000000	-29.000000	-55.000000	44.500000	17.849543	10
14	1963503508	2079941923	45.000000	-72.500000	-27.500000	-45.000000	44.400000	15.732329	8
15	1963503508	291682849	63.000000	-72.100000	-9.100000	-63.000000	41.700000	12.618447	7
16	1963503508	1688095303	66.000000	-75.700000	-9.700000	-66.000000	46.000000	20.992666	11
17	1963503508	1522933484	66.000000	-78.600000	-12.600000	-66.000000	38.600000	17.438676	11
18	1963503508	1978721010	77.000000	-85.800000	-8.800000	-77.000000	46.600000	22.743092	8
19	1963503508	1788390735	37.000000	-52.200000	-15.200000	-37.000000	47.200000	9.006655	7
20	1963503508	523221566	62.000000	-64.900000	-2.900000	-62.000000	34.200000	22.355706	12
21	1963503508	374714500	50.000000	-88.200000	-38.200000	-50.000000	58.600000	11.493152	7
22	1963503508	1246291155	71.000000	-66.900000	4.100000	-71.000000	43.000000	18.973272	9
23	1963503508	458314974	69.000000	-106.000000	-37.000000	-69.000000	49.600000	30.318266	11
24	1963503508	1186903978	64.000000	-60.100000	3.900000	-64.000000	30.000000	19.677366	10
25	1963503508	292429144	59.000000	-71.300000	-12.300000	-59.000000	45.100000	17.696674	8
26	1963503508	1585227262	63.000000	-66.600000	-3.600000	-63.000000	33.200000	18.686067	8
27	1963503508	1859417008	65.000000	-67.500000	-2.500000	-65.000000	32.500000	18.305677	9
28	1963503508	1433669333	72.000000	-65.500000	6.500000	-72.000000	35.400000	17.242184	9
29	1963503508	1662134304	73.000000	-75.600000	-2.600000	-73.000000	40.400000	20.759778	10
30	1963503508	1850435389	57.000000	-74.100000	-17.100000	-57.000000	46.900000	20.039165	12
31	1963503508	2051759539	66.000000	-70.100000	-4.100000	-66.000000	46.000000	15.923067	8
32	1963503508	140953173	59.000000	-79.000000	-20.000000	-59.000000	42.300000	21.426357	13
33	1963503508	1610873582	59.000000	-80.400000	-21.400000	-59.000000	45.400000	15.240027	9
34	1963503508	1152877233	46.000000	-95.900000	-49.900000	-46.000000	68.400000	8.203148	6
35	1963503508	740318395	64.000000	-66.500000	-2.500000	-64.000000	46.000000	17.805062	11
36	1963503508	1605445260	72.000000	-85.200000	-13.200000	-72.000000	45.200000	23.893574	11
37	1963503508	766353207	55.000000	-55.100000	-0.100000	-55.000000	42.800000	18.292975	11
38	1963503508	169649963	60.000000	-65.800000	-5.800000	-60.000000	40.200000	22.536013	14
39	1963503508	1768783415	77.000000	-86.500000	-9.500000	-77.000000	47.700000	25.005739	13
40	1963503508	2095540494	79.000000	-83.200000	-4.200000	-79.000000	37.300000	19.983414	12
41	1963503508	1537695620	81.000000	-76.500000	4.500000	-81.000000	32.300000	27.352594	11
42	1963503508	1947876009	67.000000	-86.900000	-19.900000	-67.000000	45.300000	17.703620	10
43	1963503508	352307316	60.000000	-76.600000	-16.600000	-60.000000	60.000000	12.512728	7
44	1963503508	461180809	78.000000	-80.500000	-2.500000	-78.000000	36.400000	16.542260	8
45	1963503508	1924206894	70.000000	-67.400000	2.600000	-70.000000	36.500000	13.085517	7
46	1963503508	514778689	77.000000	-85.800000	-8.800000	-77.000000	42.500000	17.783038	8
47	1963503508	1729353608	82.000000	-83.900000	-1.900000	-82.000000	39.700000	18.113463	8
48	1963503508	1665524571	73.000000	-95.400000	-22.400000	-73.000000	39.700000	34.586689	11
49	1963503508	227755149	68.000000	-70.800000	-2.800000	-68.000000	40.700000	17.720680	9
0	93058589	1383687862	74.000000	-43.500000	30.500000	-74.000000	27.100000	25.347359	11
1	93058589	1106500366	57.000000	-31.900000	25.100000	-57.000000	25.900000	18.246368	11
2	93058589	131609236	64.000000	-41.100000	22.900000	-64.000000	25.300000	18.776334	11
3	93058589	1162210598	54.000000	-47.900000	6.100000	-54.000000	28.900000	16.881455	9
4	93058589	359751778	63.000000	-43.100000	19.900000	-63.000000	24.700000	16.658704	11
5	93058589	2132081047	74.000000	-36.400000	37.600000	-74.000000	20.000000	22.114436	11
6	93058589	1001159665	68.000000	-57.300000	10.700000	-68.000000	34.300000	18.804609	10
7	93058589	2086623931	59.000000	-50.400000	8.600000	-59.000000	28.600000	14.243692	9
8	93058589	1714252441	73.000000	-32.600000	40.400000	-73.000000	17.400000	22.751690	11
9	93058589	1757547093	68.000000	-38.000000	30.000000	-68.000000	23.900000	21.280247	10
10	93058589	1587190829	56.000000	-41.000000	15.000000	-56.000000	27.900000	10.849033	7
11	93058589	963325586	39.000000	-30.200000	8.800000	-39.000000	21.100000	12.041331	10
12	93058589	1935618064	46.000000	-48.900000	-2.900000	-46.000000	32.400000	14.777312	10
13	93058589	501732394	48.000000	-29.900000	18.100000	-48.000000	25.300000	13.496042	10
14	93058589	286303853	71.000000	-64.400000	6.600000	-71.000000	31.500000	19.550949	9
15	93058589	1972305694	48.000000	-37.200000	10.800000	-48.000000	26.400000	13.699349	11
16	93058589	1639930564	61.000000	-46.600000	14.400000	-61.000000	26.100000	17.463136	12
17	93058589	973396982	48.000000	-40.500000	7.500000	-48.000000	30.800000	13.916410	11
18	93058589	544382655	60.000000	-33.800000	26.200000	-60.000000	22.500000	19.266413	11
19	93058589	536050612	56.000000	-36.800000	19.200000	-56.000000	22.800000	10.761606	7
20	93058589	1006956759	57.000000	-41.800000	15.200000	-57.000000	29.300000	17.999256	13
21	93058589	1665344544	63.000000	-33.200000	29.800000	-63.000000	23.200000	19.946495	10
22	93058589	153250333	39.000000	-38.000000	1.000000	-39.000000	28.900000	10.883409	10
23	93058589	980606890	61.000000	-42.200000	18.800000	-61.000000	23.800000	13.827579	10
24	93058589	1056119090	62.000000	-44.600000	17.400000	-62.000000	26.200000	22.819799	14
25	93058589	2110952450	67.000000	-50.400000	16.600000	-67.000000	30.700000	17.350578	8
26	93058589	1184671963	71.000000	-44.900000	26.100000	-71.000000	29.100000	18.255722	9
27	93058589	1307217405	63.000000	-39.700000	23.300000	-63.000000	28.400000	20.383674	12
28	93058589	1994541385	58.000000	-36.900000	21.100000	-58.000000	25.100000	14.701966	10
29	93058589	485558016	54.000000	-28.400000	25.600000	-54.000000	20.900000	18.284643	10
30	93058589	945780520	48.000000	-34.500000	13.500000	-48.000000	25.400000	15.720572	10
31	93058589	1215091781	57.000000	-39.000000	18.000000	-57.000000	28.200000	17.410260	12
32	93058589	197778049	39.000000	-42.700000	-3.700000	-39.000000	30.800000	13.823178	11
33	93058589	179110841	68.000000	-48.800000	19.200000	-68.000000	30.800000	22.021000	12
34	93058589	602937027	74.000000	-46.000000	28.000000	-74.000000	23.300000	21.959820	10
35	93058589	36689400	62.000000	-41.600000	20.400000	-62.000000	25.200000	18.196108	12
36	93058589	1416562467	47.000000	-48.800000	-1.800000	-47.000000	25.200000	13.515774	9
37	93058589	1947212560	48.000000	-38.900000	9.100000	-48.000000	29.200000	14.214815	10
38	93058589	838107087	48.000000	-40.100000	7.900000	-48.000000	30.400000	17.453216	12
39	93058589	79077259	47.000000	-37.800000	9.200000	-47.000000	25.900000	15.027043	10
40	93058589	1493061554	49.000000	-40.100000	8.900000	-49.000000	27.500000	9.855833	7
41	93058589	1878913072	48.000000	-45.100000	2.900000	-48.000000	29.900000	15.892398	9
42	93058589	771086964	59.000000	-36.900000	22.100000	-59.000000	26.700000	15.613164	10
43	93058589	1112629836	57.000000	-23.000000	34.000000	-57.000000	17.000000	15.149376	9
44	93058589	1358186499	56.000000	-44.200000	11.800000	-56.000000	27.400000	14.972835	9
45	93058589	867493636	80.000000	-41.500000	38.500000	-80.000000	25.100000	24.579383	11
46	93058589	1308680147	76.000000	-66.300000	9.700000	-76.000000	31.700000	27.471662	14
47	93058589	850515653	60.000000	-26.600000	33.400000	-60.000000	19.900000	19.502629	10
48	93058589	1608174815	61.000000	-51.800000	9.200000	-61.000000	28.000000	15.203318	9
49	93058589	1484618698	74.000000	-38.300000	35.700000	-74.000000	18.600000	18.224664	9
0	610304499	2040074368	64.000000	-49.900000	14.100000	-64.000000	29.600000	19.142353	11
1	610304499	1020232251	52.000000	-45.000000	7.000000	-52.000000	33.800000	19.326789	12
2	610304499	1138771682	43.000000	-60.300000	-17.300000	-43.000000	47.900000	15.592597	9
3	610304499	683386987	38.000000	-82.700000	-44.700000	-38.000000	45.000000	12.594074	9
4	610304499	1460282345	53.000000	-48.700000	4.300000	-53.000000	33.200000	17.550174	11
5	610304499	1479044101	72.000000	-69.000000	3.000000	-72.000000	31.700000	20.234955	12
6	610304499	564194180	70.000000	-59.500000	10.500000	-70.000000	33.400000	22.409375	12
7	610304499	1854484087	66.000000	-91.100000	-25.100000	-66.000000	48.900000	14.326469	7
8	610304499	1398783406	57.000000	-55.400000	1.600000	-57.000000	41.900000	16.472966	10
9	610304499	1785446646	68.000000	-64.400000	3.600000	-68.000000	37.300000	16.693126	9
10	610304499	1242900800	40.000000	-60.100000	-20.100000	-40.000000	44.600000	16.154149	8
11	610304499	65686665	72.000000	-64.300000	7.700000	-72.000000	33.000000	21.830070	11
12	610304499	1663512247	52.000000	-45.200000	6.800000	-52.000000	34.900000	9.262490	6
13	610304499	463853815	69.000000	-89.500000	-20.500000	-69.000000	43.300000	15.445865	9
14	610304499	1197275729	54.000000	-81.700000	-27.700000	-54.000000	44.600000	17.672200	10
15	610304499	1167052137	75.000000	-73.900000	1.100000	-75.000000	32.200000	20.623062	10
16	610304499	1347240483	70.000000	-68.800000	1.200000	-70.000000	35.200000	16.053975	10
17	610304499	1117021617	53.000000	-48.000000	5.000000	-53.000000	27.200000	14.943150	9
18	610304499	227856327	47.000000	-43.200000	3.800000	-47.000000	31.500000	13.217572	8
19	610304499	287159093	52.000000	-39.100000	12.900000	-52.000000	23.600000	13.581002	10
20	610304499	979853571	45.000000	-41.700000	3.300000	-45.000000	29.300000	11.013361	7
21	610304499	369518469	64.000000	-39.700000	24.300000	-64.000000	25.700000	18.871329	10
22	610304499	1925556566	42.000000	-73.800000	-31.800000	-42.000000	50.200000	8.583929	5
23	610304499	260915113	75.000000	-49.600000	25.400000	-75.000000	24.400000	19.867184	10
24	610304499	1699077412	38.000000	-68.400000	-30.400000	-38.000000	46.300000	11.102226	9
25	610304499	1439533814	45.000000	-96.700000	-51.700000	-45.000000	59.100000	14.130790	8
26	610304499	1602802595	65.000000	-60.100000	4.900000	-65.000000	33.300000	12.039810	6
27	610304499	1171187458	78.000000	-77.900000	0.100000	-78.000000	31.500000	25.612372	12
28	610304499	1456235632	66.000000	-64.100000	1.900000	-66.000000	25.600000	19.783107	11
29	610304499	889580914	64.000000	-53.700000	10.300000	-64.000000	28.100000	19.887224	12
30	610304499	741101728	68.000000	-46.100000	21.900000	-68.000000	21.800000	19.568132	10
31	610304499	1824597988	63.000000	-52.500000	10.500000	-63.000000	27.700000	20.014729	10
32	610304499	128818248	75.000000	-106.400000	-31.400000	-75.000000	51.400000	20.839042	10
33	610304499	1662601993	57.000000	-52.900000	4.100000	-57.000000	38.700000	13.459316	7
34	610304499	1791288867	76.000000	-70.000000	6.000000	-76.000000	36.700000	21.897198	12
35	610304499	1060195570	55.000000	-69.600000	-14.600000	-55.000000	40.800000	14.520899	9
36	610304499	1632036061	66.000000	-40.400000	25.600000	-66.000000	19.400000	15.419243	11
37	610304499	2021823415	67.000000	-87.600000	-20.600000	-67.000000	50.700000	15.705815	7
38	610304499	523949368	67.000000	-71.100000	-4.100000	-67.000000	30.300000	21.609737	11
39	610304499	775624263	59.000000	-99.900000	-40.900000	-59.000000	54.600000	11.939219	7
40	610304499	1836663753	48.000000	-55.100000	-7.100000	-48.000000	39.600000	12.992356	9
41	610304499	1207363611	55.000000	-77.000000	-22.000000	-55.000000	45.700000	11.242452	6
42	610304499	452868501	55.000000	-74.900000	-19.900000	-55.000000	42.400000	11.969322	7
43	610304499	1107053230	66.000000	-34.900000	31.100000	-66.000000	18.700000	18.346055	12
44	610304499	2080143506	50.000000	-49.800000	0.200000	-50.000000	36.800000	14.167694	8
45	610304499	607715089	65.000000	-52.100000	12.900000	-65.000000	35.200000	19.035579	11
46	610304499	1521488026	51.000000	-64.900000	-13.900000	-51.000000	41.500000	16.200551	8
47	610304499	1446064300	64.000000	-54.000000	10.000000	-64.000000	30.400000	17.235572	11
48	610304499	323565210	49.000000	-34.100000	14.900000	-49.000000	26.500000	14.580795	9
49	610304499	243004232	68.000000	-72.600000	-4.600000	-68.000000	35.100000	18.337339	10
0	911206825	1100406044	74.000000	-58.900000	15.100000	-74.000000	32.200000	16.501252	8
1	911206825	1894398052	61.000000	-26.800000	34.200000	-61.000000	21.600000	22.604913	13
2	911206825	1266505083	80.000000	-43.300000	36.700000	-80.000000	22.700000	23.528352	12
3	911206825	826187393	80.000000	-40.600000	39.400000	-80.000000	20.900000	19.670619	9
4	911206825	1534488922	74.000000	-60.400000	13.600000	-74.000000	33.300000	16.156831	8
5	911206825	2111738350	32.000000	-46.300000	-14.300000	-32.000000	44.300000	9.149351	8
6	911206825	237358636	78.000000	-58.000000	20.000000	-78.000000	31.100000	27.212031	12
7	911206825	378529311	55.000000	-37.100000	17.900000	-55.000000	29.800000	15.087191	10
8	911206825	844189996	75.000000	-56.800000	18.200000	-75.000000	33.600000	28.346580	15
9	911206825	210953418	47.000000	-46.900000	0.100000	-47.000000	32.400000	14.540396	12
10	911206825	478895101	84.000000	-49.700000	34.300000	-84.000000	24.100000	26.846998	12
11	911206825	1195454650	86.000000	-69.000000	17.000000	-86.000000	31.900000	23.667435	10
12	911206825	1695109930	71.000000	-41.100000	29.900000	-71.000000	26.400000	20.563538	12
13	911206825	1812620609	67.000000	-62.400000	4.600000	-67.000000	31.200000	13.957652	9
14	911206825	204861662	84.000000	-78.500000	5.500000	-84.000000	39.300000	17.405052	9
15	911206825	460028604	63.000000	-46.300000	16.700000	-63.000000	28.600000	12.320288	10
16	911206825	30178033	55.000000	-48.200000	6.800000	-55.000000	30.800000	14.787495	10
17	911206825	218404544	77.000000	-53.800000	23.200000	-77.000000	35.100000	22.340401	12
18	911206825	1539414949	57.000000	-53.800000	3.200000	-57.000000	32.100000	18.370716	11
19	911206825	725719285	67.000000	-20.700000	46.300000	-67.000000	15.400000	17.596448	9
20	911206825	1469067685	80.000000	-44.000000	36.000000	-80.000000	20.300000	22.239305	11
21	911206825	902055686	74.000000	-47.200000	26.800000	-74.000000	37.400000	22.610883	12
22	911206825	759960757	53.000000	-47.000000	6.000000	-53.000000	34.800000	15.073012	10
23	911206825	92514107	64.000000	-52.000000	12.000000	-64.000000	34.000000	14.971566	9
24	911206825	96626613	65.000000	-51.200000	13.800000	-65.000000	30.300000	19.208339	10
25	911206825	1426239807	59.000000	-63.200000	-4.200000	-59.000000	44.000000	17.479348	10
26	911206825	59683476	61.000000	-48.800000	12.200000	-61.000000	33.300000	19.712499	12
27	911206825	985210688	75.000000	-85.400000	-10.400000	-75.000000	43.700000	12.438874	6
28	911206825	335912380	79.000000	-55.100000	23.900000	-79.000000	28.900000	16.650586	7
29	911206825	241945079	62.000000	-30.200000	31.800000	-62.000000	20.000000	20.907901	13
30	911206825	1942603894	65.000000	-38.900000	26.100000	-65.000000	22.200000	15.232730	8
31	911206825	6199505	73.000000	-66.100000	6.900000	-73.000000	35.800000	21.966906	9
32	911206825	1634522635	56.000000	-61.100000	-5.100000	-56.000000	35.300000	18.790139	11
33	911206825	698397030	62.000000	-41.800000	20.200000	-62.000000	25.700000	19.603722	11
34	911206825	2118543882	68.000000	-74.500000	-6.500000	-68.000000	37.200000	20.770640	10
35	911206825	131346374	69.000000	-40.300000	28.700000	-69.000000	24.400000	19.979783	10
36	911206825	1414295036	77.000000	-52.600000	24.400000	-77.000000	27.900000	19.384411	10
37	911206825	1331515344	59.000000	-39.200000	19.800000	-59.000000	24.300000	23.216728	14
38	911206825	1389599306	54.000000	-35.500000	18.500000	-54.000000	26.000000	13.024796	7
39	911206825	1903793370	86.000000	-26.700000	59.300000	-86.000000	12.600000	36.411912	12
40	911206825	1632951962	68.000000	-41.600000	26.400000	-68.000000	23.700000	16.203632	9
41	911206825	1996363639	47.000000	-58.300000	-11.300000	-47.000000	41.000000	17.270599	9
42	911206825	776200012	68.000000	-58.200000	9.800000	-68.000000	37.300000	19.614284	8
43	911206825	84198244	60.000000	-44.900000	15.100000	-60.000000	24.900000	22.833224	11
44	911206825	1112303281	55.000000	-39.000000	16.000000	-55.000000	25.600000	15.389084	10
45	911206825	289599688	55.000000	-32.700000	22.300000	-55.000000	20.400000	11.398036	6
46	911206825	965754971	67.000000	-59.100000	7.900000	-67.000000	41.100000	13.996071	7
47	911206825	213934518	77.000000	-45.200000	31.800000	-77.000000	25.100000	21.879474	11
48	911206825	173841239	78.000000	-62.200000	15.800000	-78.000000	40.200000	25.100880	11
49	911206825	1540115875	49.000000	-54.200000	-5.200000	-49.000000	43.400000	13.037435	9
0	101673257	444339176	34.000000	-40.800000	-6.800000	-34.000000	35.500000	9.787247	8
1	101673257	362377844	35.000000	-48.600000	-13.600000	-35.000000	32.700000	10.719720	7
2	101673257	2031337808	41.000000	-31.100000	9.900000	-41.000000	26.600000	10.663622	7
3	101673257	1527693522	30.000000	-60.000000	-30.000000	-30.000000	43.000000	10.886816	7
4	101673257	1452607503	38.000000	-54.300000	-16.300000	-38.000000	43.100000	13.478679	7
5	101673257	482137633	35.000000	-50.900000	-15.900000	-35.000000	44.000000	12.241292	9
6	101673257	789602055	45.000000	-54.200000	-9.200000	-45.000000	43.600000	20.239568	8
7	101673257	82867180	51.000000	-68.200000	-17.200000	-51.000000	43.700000	10.539966	5
8	101673257	975007373	40.000000	-54.400000	-14.400000	-40.000000	43.200000	14.536358	7
9	101673257	521321440	32.000000	-38.500000	-6.500000	-32.000000	33.200000	8.851648	7
10	101673257	584487026	23.000000	-48.100000	-25.100000	-23.000000	42.000000	6.749443	6
11	101673257	1351942057	46.000000	-59.500000	-13.500000	-46.000000	36.000000	15.966406	9
12	101673257	1818995981	39.000000	-44.000000	-5.000000	-39.000000	35.300000	13.972385	7
13	101673257	1099943348	40.000000	-39.800000	0.200000	-40.000000	31.100000	9.590712	7
14	101673257	1134665694	45.000000	-42.600000	2.400000	-45.000000	38.000000	19.072976	9
15	101673257	732395025	47.000000	-41.900000	5.100000	-47.000000	32.800000	16.651744	11
16	101673257	1434184307	30.000000	-44.100000	-14.100000	-30.000000	39.500000	11.020396	6
17	101673257	712106225	37.000000	-60.800000	-23.800000	-37.000000	45.400000	15.729438	9
18	101673257	1830888507	32.000000	-44.300000	-12.300000	-32.000000	39.800000	7.946138	6
19	101673257	171782150	37.000000	-36.300000	0.700000	-37.000000	31.000000	13.422458	10
20	101673257	191311278	38.000000	-55.900000	-17.900000	-38.000000	42.200000	14.111295	11
21	101673257	1179928386	34.000000	-47.300000	-13.300000	-34.000000	36.100000	9.369107	7
22	101673257	2147144469	49.000000	-44.600000	4.400000	-49.000000	31.300000	25.119433	11
23	101673257	1045820148	43.000000	-66.900000	-23.900000	-43.000000	47.400000	17.212071	8
24	101673257	795289163	19.000000	-37.400000	-18.400000	-19.000000	37.400000	9.893871	10
25	101673257	1283786968	48.000000	-85.400000	-37.400000	-48.000000	52.800000	19.875632	8
26	101673257	1962638562	48.000000	-51.800000	-3.800000	-48.000000	37.700000	13.987144	9
27	101673257	2026077468	40.000000	-53.800000	-13.800000	-40.000000	47.800000	16.812581	10
28	101673257	1347656253	41.000000	-45.600000	-4.600000	-41.000000	33.600000	13.229906	9
29	101673257	1120928792	42.000000	-43.100000	-1.100000	-42.000000	40.200000	18.030393	11
30	101673257	1387540370	36.000000	-62.300000	-26.300000	-36.000000	51.100000	16.959827	8
31	101673257	1644002330	44.000000	-44.800000	-0.800000	-44.000000	32.800000	10.564500	6
32	101673257	1495694827	23.000000	-24.700000	-1.700000	-23.000000	24.700000	8.195499	7
33	101673257	848623765	42.000000	-60.200000	-18.200000	-42.000000	42.500000	11.411317	7
34	101673257	1205895638	37.000000	-75.400000	-38.400000	-37.000000	52.100000	11.126534	7
35	101673257	621209931	48.000000	-71.100000	-23.100000	-48.000000	44.600000	17.613011	10
36	101673257	1991488410	42.000000	-39.100000	2.900000	-42.000000	34.500000	13.273019	8
37	101673257	1184724712	46.000000	-47.700000	-1.700000	-46.000000	33.600000	13.855357	10
38	101673257	999491262	46.000000	-92.000000	-46.000000	-46.000000	55.200000	13.164225	7
39	101673257	103403297	39.000000	-76.000000	-37.000000	-39.000000	61.000000	15.966515	8
40	101673257	945910178	32.000000	-42.400000	-10.400000	-32.000000	36.500000	12.442728	9
41	101673257	583514838	28.000000	-47.700000	-19.700000	-28.000000	40.200000	12.185959	10
42	101673257	1724180607	39.000000	-60.400000	-21.400000	-39.000000	40.400000	9.383056	7
43	101673257	854488820	41.000000	-65.300000	-24.300000	-41.000000	44.400000	16.179126	10
44	101673257	2085507901	42.000000	-29.300000	12.700000	-42.000000	23.600000	11.134626	7
45	101673257	1950051370	42.000000	-65.800000	-23.800000	-42.000000	51.300000	9.001528	5
46	101673257	25537625	37.000000	-48.100000	-11.100000	-37.000000	31.000000	13.389318	9
47	101673257	1616051519	22.000000	-44.700000	-22.700000	-22.000000	44.700000	7.033123	6
48	101673257	2012352045	19.000000	-61.200000	-42.200000	-19.000000	57.000000	8.547994	8
49	101673257	2055030781	40.000000	-68.400000	-28.400000	-40.000000	50.200000	15.275223	7
0	1321207685	978968839	47.000000	-57.700000	-10.700000	-47.000000	43.000000	16.027459	9
1	1321207685	1091732628	61.000000	-30.100000	30.900000	-61.000000	22.500000	15.372843	8
2	1321207685	1290811079	59.000000	-47.900000	11.100000	-59.000000	31.600000	14.197686	7
3	1321207685	1851899412	38.000000	-33.200000	4.800000	-38.000000	27.400000	12.346108	10
4	1321207685	608691379	67.000000	-55.100000	11.900000	-67.000000	33.900000	19.824114	9
5	1321207685	867766453	49.000000	-59.700000	-10.700000	-49.000000	54.900000	17.161870	10
6	1321207685	1386045709	68.000000	-47.700000	20.300000	-68.000000	27.600000	23.313145	12
7	1321207685	1715406187	54.000000	-70.900000	-16.900000	-54.000000	51.200000	22.368318	9
8	1321207685	415631160	58.000000	-41.900000	16.100000	-58.000000	26.700000	17.061065	9
9	1321207685	983191617	56.000000	-76.700000	-20.700000	-56.000000	58.500000	16.910705	10
10	1321207685	1209440549	53.000000	-84.200000	-31.200000	-53.000000	60.800000	18.267498	11
11	1321207685	794256875	70.000000	-81.600000	-11.600000	-70.000000	48.200000	19.609096	9
12	1321207685	1436619466	66.000000	-76.800000	-10.800000	-66.000000	52.000000	18.748952	8
13	1321207685	2033842509	48.000000	-43.300000	4.700000	-48.000000	37.600000	18.165332	13
14	1321207685	709567842	49.000000	-77.300000	-28.300000	-49.000000	52.400000	13.867429	9
15	1321207685	1997294622	68.000000	-110.500000	-42.500000	-68.000000	52.200000	21.484972	10
16	1321207685	1807373964	56.000000	-56.100000	-0.100000	-56.000000	39.800000	16.802794	12
17	1321207685	1769135031	65.000000	-43.400000	21.600000	-65.000000	27.000000	15.083226	7
18	1321207685	313024061	69.000000	-103.700000	-34.700000	-69.000000	51.700000	16.850287	9
19	1321207685	417961240	63.000000	-84.900000	-21.900000	-63.000000	62.900000	14.385924	8
20	1321207685	1266809509	70.000000	-90.400000	-20.400000	-70.000000	51.800000	26.022336	12
21	1321207685	955799760	46.000000	-80.200000	-34.200000	-46.000000	64.400000	13.023637	10
22	1321207685	1474041698	54.000000	-79.100000	-25.100000	-54.000000	59.300000	18.244411	11
23	1321207685	511654402	57.000000	-29.700000	27.300000	-57.000000	27.700000	21.055777	11
24	1321207685	1844362970	55.000000	-107.700000	-52.700000	-55.000000	60.500000	14.246691	9
25	1321207685	1012367978	41.000000	-82.600000	-41.600000	-41.000000	70.700000	18.287149	10
26	1321207685	2088956311	53.000000	-64.200000	-11.200000	-53.000000	38.100000	17.994029	9
27	1321207685	1812800399	47.000000	-51.100000	-4.100000	-47.000000	32.400000	15.750943	9
28	1321207685	355999328	66.000000	-59.300000	6.700000	-66.000000	37.700000	17.496617	9
29	1321207685	952427098	67.000000	-69.500000	-2.500000	-67.000000	42.600000	13.713387	8
30	1321207685	911708880	60.000000	-76.300000	-16.300000	-60.000000	51.600000	12.613647	7
31	1321207685	52306951	46.000000	-81.100000	-35.100000	-46.000000	62.400000	19.246447	12
32	1321207685	1681383140	59.000000	-35.900000	23.100000	-59.000000	28.700000	21.888868	11
33	1321207685	1118038260	31.000000	-38.900000	-7.900000	-31.000000	38.900000	13.725843	11
34	1321207685	907528303	42.000000	-33.900000	8.100000	-42.000000	28.200000	13.922071	9
35	1321207685	1791958034	44.000000	-63.000000	-19.000000	-44.000000	47.700000	12.030052	9
36	1321207685	586679279	57.000000	-62.900000	-5.900000	-57.000000	43.100000	16.353353	11
37	1321207685	1599407439	59.000000	-66.800000	-7.800000	-59.000000	41.100000	22.960696	12
38	1321207685	1240764485	65.000000	-44.900000	20.100000	-65.000000	32.900000	19.285173	10
39	1321207685	673137879	36.000000	-76.200000	-40.200000	-36.000000	62.200000	20.140806	13
40	1321207685	1922182532	56.000000	-64.500000	-8.500000	-56.000000	44.500000	17.219054	8
41	1321207685	2104976357	49.000000	-66.600000	-17.600000	-49.000000	45.300000	12.649963	10
42	1321207685	2046953903	63.000000	-57.400000	5.600000	-63.000000	55.400000	10.550232	6
43	1321207685	1061594090	45.000000	-36.400000	8.600000	-45.000000	25.900000	13.105270	10
44	1321207685	1915051175	40.000000	-101.500000	-61.500000	-40.000000	67.800000	11.542584	7
45	1321207685	795563560	47.000000	-81.600000	-34.600000	-47.000000	58.100000	18.477033	12
46	1321207685	1471958713	64.000000	-61.200000	2.800000	-64.000000	45.200000	23.389853	13
47	1321207685	2041554468	57.000000	-53.500000	3.500000	-57.000000	40.500000	18.882362	14
48	1321207685	1783046379	59.000000	-97.700000	-38.700000	-59.000000	59.200000	13.153769	8
49	1321207685	1619157300	66.000000	-45.700000	20.300000	-66.000000	32.800000	20.816076	11
0	513213822	1714822279	76.000000	-69.600000	6.400000	-76.000000	40.200000	22.974068	10
1	513213822	939621739	71.000000	-60.500000	10.500000	-71.000000	39.500000	14.278056	7
2	513213822	588871682	73.000000	-45.000000	28.000000	-73.000000	34.500000	22.252240	10
3	513213822	1933099492	71.000000	-82.600000	-11.600000	-71.000000	41.700000	16.114996	9
4	513213822	1713812792	57.000000	-31.300000	25.700000	-57.000000	22.100000	12.334129	8
5	513213822	1406426033	67.000000	-48.100000	18.900000	-67.000000	30.700000	18.957924	10
6	513213822	318391802	83.000000	-57.500000	25.500000	-83.000000	28.300000	19.507992	8
7	513213822	1055982730	75.000000	-64.200000	10.800000	-75.000000	43.600000	21.970875	9
8	513213822	2128590205	50.000000	-45.200000	4.800000	-50.000000	37.500000	12.631970	8
9	513213822	1433321893	79.000000	-43.400000	35.600000	-79.000000	23.100000	22.032862	11
10	513213822	1569295897	70.000000	-76.900000	-6.900000	-70.000000	41.100000	20.774679	10
11	513213822	2116527282	64.000000	-65.400000	-1.400000	-64.000000	45.700000	17.448412	8
12	513213822	1590963373	69.000000	-53.400000	15.600000	-69.000000	35.600000	19.510121	10
13	513213822	1993017568	80.000000	-68.900000	11.100000	-80.000000	34.000000	16.821492	8
14	513213822	1322485296	70.000000	-42.500000	27.500000	-70.000000	22.600000	18.712965	9
15	513213822	2131060243	63.000000	-61.800000	1.200000	-63.000000	36.000000	22.020093	12
16	513213822	421694670	42.000000	-40.200000	1.800000	-42.000000	30.800000	10.988558	8
17	513213822	1170502188	55.000000	-50.300000	4.700000	-55.000000	33.900000	14.315314	11
18	513213822	1626046086	77.000000	-62.200000	14.800000	-77.000000	33.200000	19.811787	11
19	513213822	1265167784	72.000000	-45.800000	26.200000	-72.000000	28.000000	17.742216	9
20	513213822	1930101969	54.000000	-51.900000	2.100000	-54.000000	38.800000	10.042620	7
21	513213822	1093866187	87.000000	-55.900000	31.100000	-87.000000	28.800000	23.545416	11
22	513213822	1000649206	62.000000	-42.800000	19.200000	-62.000000	25.100000	18.179441	16
23	513213822	2076983938	91.000000	-51.400000	39.600000	-91.000000	28.500000	18.015232	9
24	513213822	1394476128	46.000000	-58.500000	-12.500000	-46.000000	45.800000	12.578158	10
25	513213822	2082482630	41.000000	-27.200000	13.800000	-41.000000	22.300000	9.304643	8
26	513213822	677231571	74.000000	-71.500000	2.500000	-74.000000	37.400000	18.003440	9
27	513213822	1616983787	82.000000	-61.300000	20.700000	-82.000000	35.700000	24.115715	12
28	513213822	838854433	96.000000	-49.900000	46.100000	-96.000000	22.200000	24.437980	11
29	513213822	985128163	45.000000	-54.300000	-9.300000	-45.000000	39.100000	8.760211	6
30	513213822	1519106260	78.000000	-67.900000	10.100000	-78.000000	43.000000	18.092268	8
31	513213822	1767487954	54.000000	-46.700000	7.300000	-54.000000	34.000000	17.679033	11
32	513213822	725534750	82.000000	-41.300000	40.700000	-82.000000	22.200000	19.279262	8
33	513213822	1815961199	58.000000	-60.800000	-2.800000	-58.000000	46.400000	11.212803	7
34	513213822	1985088714	61.000000	-49.700000	11.300000	-61.000000	32.600000	13.026189	7
35	513213822	15798188	36.000000	-42.000000	-6.000000	-36.000000	39.800000	10.992076	7
36	513213822	1062698060	65.000000	-44.800000	20.200000	-65.000000	33.700000	20.126140	11
37	513213822	686193191	86.000000	-61.000000	25.000000	-86.000000	29.100000	20.470579	9
38	513213822	991154999	61.000000	-55.000000	6.000000	-61.000000	34.600000	15.264697	9
39	513213822	1735062704	95.000000	-89.400000	5.600000	-95.000000	39.300000	24.106397	10
40	513213822	2124854959	98.000000	-45.100000	52.900000	-98.000000	20.400000	29.627231	11
41	513213822	1914931797	75.000000	-64.700000	10.300000	-75.000000	37.800000	17.773810	7
42	513213822	680260932	83.000000	-87.800000	-4.800000	-83.000000	42.300000	19.155081	8
43	513213822	316515571	67.000000	-61.900000	5.100000	-67.000000	37.300000	17.636288	10
44	513213822	799232788	92.000000	-64.600000	27.400000	-92.000000	35.100000	15.920490	7
45	513213822	1601754417	70.000000	-60.700000	9.300000	-70.000000	41.700000	22.619552	13
46	513213822	1503193603	62.000000	-53.800000	8.200000	-62.000000	36.500000	14.949278	8
47	513213822	440127067	68.000000	-52.200000	15.800000	-68.000000	32.100000	22.551265	12
48	513213822	291424624	52.000000	-45.900000	6.100000	-52.000000	31.800000	13.978686	9
49	513213822	565072542	60.000000	-47.300000	12.700000	-60.000000	35.100000	17.624639	11
0	1428660591	879549216	64.000000	-53.300000	10.700000	-64.000000	30.500000	13.075452	8
1	1428660591	1615091391	81.000000	-70.100000	10.900000	-81.000000	28.900000	18.063878	11
2	1428660591	1584007539	65.000000	-64.800000	0.200000	-65.000000	32.500000	18.579462	9
3	1428660591	131334287	43.000000	-60.300000	-17.300000	-43.000000	38.000000	9.486557	6
4	1428660591	1826474263	68.000000	-42.300000	25.700000	-68.000000	21.100000	17.919559	11
5	1428660591	1186878766	62.000000	-51.600000	10.400000	-62.000000	27.700000	16.606384	9
6	1428660591	1181933019	69.000000	-68.800000	0.200000	-69.000000	31.500000	29.064059	13
7	1428660591	1935898093	72.000000	-69.300000	2.700000	-72.000000	34.700000	18.870824	9
8	1428660591	1755720150	56.000000	-44.100000	11.900000	-56.000000	25.600000	15.036830	8
9	1428660591	1520034546	58.000000	-56.700000	1.300000	-58.000000	37.400000	19.173197	11
10	1428660591	397584314	72.000000	-74.200000	-2.200000	-72.000000	36.300000	22.125367	10
11	1428660591	1426127606	67.000000	-85.500000	-18.500000	-67.000000	38.300000	14.932929	7
12	1428660591	1646809645	63.000000	-75.700000	-12.700000	-63.000000	41.800000	15.443413	8
13	1428660591	1991717624	60.000000	-43.800000	16.200000	-60.000000	23.200000	13.174192	8
14	1428660591	1485518096	69.000000	-71.400000	-2.400000	-69.000000	37.200000	14.180394	7
15	1428660591	1140116518	48.000000	-84.500000	-36.500000	-48.000000	50.600000	9.120641	6
16	1428660591	1873902865	49.000000	-68.500000	-19.500000	-49.000000	39.800000	11.744751	7
17	1428660591	948031	50.000000	-43.600000	6.400000	-50.000000	27.300000	15.891682	10
18	1428660591	1122698766	70.000000	-54.800000	15.200000	-70.000000	29.100000	16.878212	9
19	1428660591	15722918	53.000000	-85.600000	-32.600000	-53.000000	47.400000	14.251894	8
20	1428660591	384466170	67.000000	-51.800000	15.200000	-67.000000	27.000000	16.574992	9
21	1428660591	1037374434	64.000000	-71.400000	-7.400000	-64.000000	34.400000	12.654583	7
22	1428660591	395301363	70.000000	-71.900000	-1.900000	-70.000000	33.500000	21.647501	11
23	1428660591	763969181	55.000000	-43.700000	11.300000	-55.000000	22.800000	15.349944	8
24	1428660591	716526865	65.000000	-44.100000	20.900000	-65.000000	24.300000	20.266503	13
25	1428660591	2036202189	65.000000	-71.200000	-6.200000	-65.000000	38.700000	12.351516	6
26	1428660591	748450968	69.000000	-64.400000	4.600000	-69.000000	31.700000	22.762441	12
27	1428660591	453013461	62.000000	-90.900000	-28.900000	-62.000000	44.600000	14.294593	9
28	1428660591	1831647974	70.000000	-69.400000	0.600000	-70.000000	33.200000	14.663067	8
29	1428660591	1660038649	71.000000	-68.800000	2.200000	-71.000000	31.500000	23.309902	11
30	1428660591	2005353263	58.000000	-50.900000	7.100000	-58.000000	27.800000	12.945566	7
31	1428660591	609440639	61.000000	-58.500000	2.500000	-61.000000	27.900000	10.122539	7
32	1428660591	286949196	44.000000	-59.200000	-15.200000	-44.000000	32.300000	11.676171	9
33	1428660591	1132358544	60.000000	-75.300000	-15.300000	-60.000000	37.800000	14.774228	7
34	1428660591	1845873250	71.000000	-54.100000	16.900000	-71.000000	23.100000	20.495616	8
35	1428660591	475205826	59.000000	-56.800000	2.200000	-59.000000	29.500000	14.957886	10
36	1428660591	1809440725	70.000000	-88.300000	-18.300000	-70.000000	37.300000	14.129453	6
37	1428660591	1100153031	54.000000	-54.100000	-0.100000	-54.000000	29.400000	16.974082	12
38	1428660591	154858234	64.000000	-87.600000	-23.600000	-64.000000	36.600000	14.272439	7
39	1428660591	1627776551	61.000000	-79.000000	-18.000000	-61.000000	47.000000	13.255695	6
40	1428660591	1916452736	54.000000	-49.500000	4.500000	-54.000000	28.400000	16.040072	8
41	1428660591	1926415795	66.000000	-63.000000	3.000000	-66.000000	32.400000	13.357144	7
42	1428660591	2047643354	74.000000	-59.100000	14.900000	-74.000000	28.200000	17.743502	10
43	1428660591	574789934	77.000000	-70.900000	6.100000	-77.000000	30.900000	16.353125	8
44	1428660591	2023409907	69.000000	-59.600000	9.400000	-69.000000	27.300000	18.900632	9
45	1428660591	428752752	81.000000	-93.700000	-12.700000	-81.000000	47.700000	13.122211	6
46	1428660591	891637502	63.000000	-60.300000	2.700000	-63.000000	29.900000	20.563065	10
47	1428660591	1511165410	53.000000	-54.800000	-1.800000	-53.000000	33.800000	16.981963	11
48	1428660591	537491096	50.000000	-69.900000	-19.900000	-50.000000	40.600000	12.608764	7
49	1428660591	1223158898	50.000000	-55.200000	-5.200000	-50.000000	34.000000	14.061958	8
0	663775099	1311185657	38.000000	-32.000000	6.000000	-38.000000	28.500000	16.325241	7
1	663775099	961644805	32.000000	-42.300000	-10.300000	-32.000000	42.300000	11.589064	9
2	663775099	1026825988	33.000000	-62.000000	-29.000000	-33.000000	51.300000	15.090493	8
3	663775099	2035721791	37.000000	-60.800000	-23.800000	-37.000000	48.100000	15.132997	9
4	663775099	649599615	38.000000	-30.900000	7.100000	-38.000000	27.400000	15.574209	8
5	663775099	68353489	38.000000	-28.400000	9.600000	-38.000000	26.700000	14.197224	10
6	663775099	2039435732	37.000000	-40.500000	-3.500000	-37.000000	37.000000	16.728362	9
7	663775099	1717062397	32.000000	-48.200000	-16.200000	-32.000000	38.000000	18.419864	8
8	663775099	1019582599	24.000000	-42.500000	-18.500000	-24.000000	42.500000	10.972736	11
9	663775099	693217190	38.000000	-40.800000	-2.800000	-38.000000	33.400000	18.928108	8
10	663775099	593492506	38.000000	-60.900000	-22.900000	-38.000000	42.600000	16.342438	7
11	663775099	1753950855	28.000000	-33.500000	-5.500000	-28.000000	29.300000	11.449669	10
12	663775099	526416519	37.000000	-32.200000	4.800000	-37.000000	28.700000	16.892619	10
13	663775099	398711989	30.000000	-38.200000	-8.200000	-30.000000	34.700000	12.373022	10
14	663775099	306764236	34.000000	-38.300000	-4.300000	-34.000000	34.700000	10.574673	7
15	663775099	1408369934	31.000000	-26.000000	5.000000	-31.000000	26.000000	16.303019	9
16	663775099	1753605036	38.000000	-26.000000	12.000000	-38.000000	23.800000	14.372099	9
17	663775099	1596415940	37.000000	-37.700000	-0.700000	-37.000000	34.200000	21.013017	11
18	663775099	637236865	30.000000	-44.700000	-14.700000	-30.000000	44.700000	12.187067	8
19	663775099	1174568651	35.000000	-56.500000	-21.500000	-35.000000	43.800000	20.282489	10
20	663775099	1560414956	30.000000	-36.400000	-6.400000	-30.000000	32.900000	15.516171	9
21	663775099	1488202345	30.000000	-37.800000	-7.800000	-30.000000	37.800000	11.310363	8
22	663775099	1361650902	35.000000	-37.600000	-2.600000	-35.000000	34.100000	19.808528	11
23	663775099	1156791999	34.000000	-45.700000	-11.700000	-34.000000	45.700000	7.407526	5
24	663775099	1218362109	35.000000	-16.400000	18.600000	-35.000000	14.000000	13.894288	12
25	663775099	2133269931	32.000000	-27.300000	4.700000	-32.000000	23.100000	17.618548	7
26	663775099	416430902	25.000000	-66.500000	-41.500000	-25.000000	54.300000	10.631047	7
27	663775099	1194881581	38.000000	-24.500000	13.500000	-38.000000	22.800000	14.804041	11
28	663775099	1701476663	31.000000	-29.200000	1.800000	-31.000000	29.200000	12.346406	10
29	663775099	1249483567	34.000000	-42.000000	-8.000000	-34.000000	37.800000	13.525430	7
30	663775099	1452305919	29.000000	-49.400000	-20.400000	-29.000000	29.300000	9.828200	5
31	663775099	60013442	38.000000	-59.500000	-21.500000	-38.000000	44.900000	14.804938	9
32	663775099	1233474894	32.000000	-71.700000	-39.700000	-32.000000	60.100000	9.312245	6
33	663775099	1895499534	33.000000	-34.300000	-1.300000	-33.000000	26.200000	11.515520	7
34	663775099	1662603678	37.000000	-20.500000	16.500000	-37.000000	18.800000	12.700239	9
35	663775099	834438922	34.000000	-57.300000	-23.300000	-34.000000	49.300000	15.526273	8
36	663775099	2004901879	28.000000	-52.500000	-24.500000	-28.000000	44.800000	13.622925	9
37	663775099	287387835	34.000000	-56.700000	-22.700000	-34.000000	41.300000	12.259153	7
38	663775099	1490421484	38.000000	-50.900000	-12.900000	-38.000000	35.400000	10.272137	5
39	663775099	2135279448	30.000000	-26.900000	3.100000	-30.000000	23.400000	7.417466	7
40	663775099	1107085944	32.000000	-68.000000	-36.000000	-32.000000	50.900000	8.879774	6
41	663775099	2097456075	36.000000	-50.700000	-14.700000	-36.000000	40.800000	15.695286	10
42	663775099	1561136589	32.000000	-38.700000	-6.700000	-32.000000	32.800000	12.496700	8
43	663775099	1812339646	32.000000	-62.900000	-30.900000	-32.000000	51.300000	12.585367	8
44	663775099	1003990552	35.000000	-34.000000	1.000000	-35.000000	32.600000	14.196160	8
45	663775099	706601560	31.000000	-33.100000	-2.100000	-31.000000	25.700000	11.797337	9
46	663775099	1354448965	29.000000	-62.600000	-33.600000	-29.000000	59.400000	10.614256	8
47	663775099	82271440	33.000000	-31.500000	1.500000	-33.000000	27.300000	12.285819	9
48	663775099	1791982289	37.000000	-35.300000	1.700000	-37.000000	33.900000	15.583558	11
49	663775099	628655351	31.000000	-57.600000	-26.600000	-31.000000	51.300000	7.611834	6
0	585623259	1896420795	52.000000	-67.200000	-15.200000	-52.000000	52.900000	26.847570	11
1	585623259	392567355	87.000000	-98.000000	-11.000000	-87.000000	42.100000	26.831016	11
2	585623259	1098661654	72.000000	-94.000000	-22.000000	-72.000000	41.300000	12.541764	8
3	585623259	247413604	84.000000	-106.100000	-22.100000	-84.000000	48.300000	21.394904	9
4	585623259	1128831622	72.000000	-93.200000	-21.200000	-72.000000	39.200000	19.472749	10
5	585623259	1718609334	55.000000	-102.800000	-47.800000	-55.000000	55.600000	11.551915	6
6	585623259	344773924	76.000000	-109.700000	-33.700000	-76.000000	68.800000	18.036357	9
7	585623259	254765081	66.000000	-106.100000	-40.100000	-66.000000	53.000000	13.103284	7
8	585623259	774184367	85.000000	-82.300000	2.700000	-85.000000	34.900000	22.454619	11
9	585623259	350183315	59.000000	-54.800000	4.200000	-59.000000	31.300000	17.276917	10
10	585623259	1846583672	72.000000	-89.800000	-17.800000	-72.000000	43.300000	15.479183	10
11	585623259	1120353286	88.000000	-122.400000	-34.400000	-88.000000	47.600000	27.650289	11
12	585623259	650916817	91.000000	-103.100000	-12.100000	-91.000000	45.100000	15.217737	6
13	585623259	1074981415	84.000000	-132.200000	-48.200000	-84.000000	54.200000	20.659896	10
14	585623259	1571109999	83.000000	-96.300000	-13.300000	-83.000000	50.500000	17.941847	8
15	585623259	1054755616	86.000000	-94.300000	-8.300000	-86.000000	41.500000	21.593126	9
16	585623259	551527358	80.000000	-96.000000	-16.000000	-80.000000	39.000000	21.252995	10
17	585623259	180864468	58.000000	-74.800000	-16.800000	-58.000000	45.900000	16.462659	9
18	585623259	255531667	45.000000	-52.500000	-7.500000	-45.000000	41.200000	10.532074	8
19	585623259	756996575	88.000000	-108.600000	-20.600000	-88.000000	47.900000	15.152677	8
20	585623259	1351594971	77.000000	-84.700000	-7.700000	-77.000000	41.800000	22.532212	10
21	585623259	954744813	71.000000	-65.200000	5.800000	-71.000000	35.200000	19.021790	9
22	585623259	2021616962	73.000000	-106.000000	-33.000000	-73.000000	45.600000	18.217483	10
23	585623259	113229926	77.000000	-122.500000	-45.500000	-77.000000	54.500000	20.086538	8
24	585623259	1882840856	78.000000	-55.700000	22.300000	-78.000000	28.400000	30.607710	14
25	585623259	1756924478	83.000000	-90.100000	-7.100000	-83.000000	51.700000	13.640209	6
26	585623259	1151921327	89.000000	-88.900000	0.100000	-89.000000	37.400000	23.943484	11
27	585623259	1130329487	51.000000	-103.200000	-52.200000	-51.000000	63.700000	10.243432	7
28	585623259	1051783822	85.000000	-137.800000	-52.800000	-85.000000	51.800000	19.408614	8
29	585623259	663697856	77.000000	-76.000000	1.000000	-77.000000	40.300000	15.164242	9
30	585623259	1092388928	84.000000	-109.000000	-25.000000	-84.000000	51.700000	21.306417	9
31	585623259	1333609135	74.000000	-101.200000	-27.200000	-74.000000	48.800000	22.913698	9
32	585623259	183734967	93.000000	-135.100000	-42.100000	-93.000000	53.200000	28.793313	15
33	585623259	1491496604	68.000000	-69.000000	-1.000000	-68.000000	33.500000	15.537041	8
34	585623259	117375049	88.000000	-111.500000	-23.500000	-88.000000	46.000000	23.150271	9
35	585623259	1093508668	66.000000	-68.300000	-2.300000	-66.000000	40.000000	19.419638	9
36	585623259	364259348	63.000000	-85.100000	-22.100000	-63.000000	38.600000	13.026272	8
37	585623259	322085488	75.000000	-71.400000	3.600000	-75.000000	30.000000	19.357678	9
38	585623259	728262436	86.000000	-115.000000	-29.000000	-86.000000	48.300000	20.008520	9
39	585623259	407285601	44.000000	-58.300000	-14.300000	-44.000000	44.900000	13.586200	10
40	585623259	1489319239	41.000000	-62.000000	-21.000000	-41.000000	45.600000	8.249727	5
41	585623259	915153119	80.000000	-74.100000	5.900000	-80.000000	38.200000	22.099051	12
42	585623259	1636731616	81.000000	-89.200000	-8.200000	-81.000000	39.600000	20.955979	10
43	585623259	1642199453	74.000000	-76.700000	-2.700000	-74.000000	37.000000	17.479630	11
44	585623259	1608848291	61.000000	-82.400000	-21.400000	-61.000000	44.300000	18.126386	11
45	585623259	366486989	82.000000	-81.700000	0.300000	-82.000000	39.700000	20.406667	11
46	585623259	802899362	85.000000	-104.600000	-19.600000	-85.000000	48.800000	16.045598	7
47	585623259	1437609673	67.000000	-72.500000	-5.500000	-67.000000	45.200000	14.045805	9
48	585623259	1316231404	71.000000	-78.700000	-7.700000	-71.000000	37.000000	12.776246	7
49	585623259	331261097	82.000000	-90.200000	-8.200000	-82.000000	47.400000	13.143044	6
0	880267106	299849766	77.000000	-77.200000	-0.200000	-77.000000	36.300000	15.630696	7
1	880267106	1121035762	77.000000	-83.800000	-6.800000	-77.000000	42.500000	25.270882	14
2	880267106	1454254671	66.000000	-80.500000	-14.500000	-66.000000	49.100000	17.668465	9
3	880267106	1219594967	54.000000	-83.000000	-29.000000	-54.000000	54.200000	16.377482	9
4	880267106	412036372	73.000000	-124.000000	-51.000000	-73.000000	68.400000	10.897767	5
5	880267106	119837958	60.000000	-101.800000	-41.800000	-60.000000	72.100000	15.171111	8
6	880267106	641566042	61.000000	-45.800000	15.200000	-61.000000	31.600000	15.768159	8
7	880267106	1413428639	45.000000	-33.000000	12.000000	-45.000000	33.000000	17.058509	9
8	880267106	275549116	55.000000	-99.600000	-44.600000	-55.000000	59.800000	18.538813	8
9	880267106	157828703	67.000000	-76.100000	-9.100000	-67.000000	50.900000	17.746353	7
10	880267106	429158403	61.000000	-59.700000	1.300000	-61.000000	34.000000	15.519590	10
11	880267106	140922164	76.000000	-81.000000	-5.000000	-76.000000	41.600000	17.006538	8
12	880267106	1052885838	51.000000	-71.300000	-20.300000	-51.000000	44.700000	15.192382	11
13	880267106	463443842	77.000000	-99.800000	-22.800000	-77.000000	51.300000	12.117320	7
14	880267106	11252015	54.000000	-81.600000	-27.600000	-54.000000	46.800000	16.825238	11
15	880267106	842991086	67.000000	-84.800000	-17.800000	-67.000000	44.400000	15.375282	9
16	880267106	1753699665	45.000000	-47.300000	-2.300000	-45.000000	34.800000	14.733517	9
17	880267106	2079523881	49.000000	-81.700000	-32.700000	-49.000000	53.700000	15.443028	10
18	880267106	617297250	74.000000	-76.000000	-2.000000	-74.000000	40.000000	19.555962	9
19	880267106	1939457788	50.000000	-48.200000	1.800000	-50.000000	35.500000	10.257431	7
20	880267106	100436049	51.000000	-121.000000	-70.000000	-51.000000	59.100000	9.934305	5
21	880267106	738560344	78.000000	-106.900000	-28.900000	-78.000000	52.200000	16.714039	8
22	880267106	1666226107	53.000000	-64.500000	-11.500000	-53.000000	44.100000	11.653034	6
23	880267106	934617912	80.000000	-80.100000	-0.100000	-80.000000	41.300000	23.834187	10
24	880267106	889660211	83.000000	-74.300000	8.700000	-83.000000	35.700000	30.562386	11
25	880267106	1334375401	73.000000	-92.400000	-19.400000	-73.000000	45.900000	16.359309	9
26	880267106	998723582	51.000000	-104.200000	-53.200000	-51.000000	69.500000	10.432153	6
27	880267106	180468389	51.000000	-46.900000	4.100000	-51.000000	32.300000	13.604181	9
28	880267106	1024938067	64.000000	-51.900000	12.100000	-64.000000	29.600000	18.482093	10
29	880267106	1670813095	82.000000	-81.900000	0.100000	-82.000000	45.600000	28.466181	11
30	880267106	1897892429	69.000000	-67.000000	2.000000	-69.000000	33.400000	18.467395	8
31	880267106	420021227	51.000000	-45.700000	5.300000	-51.000000	36.900000	8.121894	5
32	880267106	837593487	61.000000	-86.200000	-25.200000	-61.000000	47.500000	20.863178	13
33	880267106	1810981394	79.000000	-87.100000	-8.100000	-79.000000	43.500000	13.605994	7
34	880267106	695248458	55.000000	-69.500000	-14.500000	-55.000000	38.600000	16.181497	10
35	880267106	2882771	68.000000	-34.500000	33.500000	-68.000000	21.500000	22.316003	12
36	880267106	825846316	36.000000	-45.700000	-9.700000	-36.000000	33.200000	10.413667	7
37	880267106	1391883190	32.000000	-47.900000	-15.900000	-32.000000	43.300000	14.958638	12
38	880267106	575954545	79.000000	-75.400000	3.600000	-79.000000	38.800000	18.221880	8
39	880267106	378455129	42.000000	-61.100000	-19.100000	-42.000000	49.300000	12.783827	8
40	880267106	1505807266	73.000000	-92.600000	-19.600000	-73.000000	62.600000	17.878548	9
41	880267106	748747286	74.000000	-63.100000	10.900000	-74.000000	37.300000	16.277006	8
42	880267106	1309120339	79.000000	-93.900000	-14.900000	-79.000000	43.000000	17.644150	8
43	880267106	1520835382	72.000000	-108.700000	-36.700000	-72.000000	61.700000	17.971364	9
44	880267106	1898809197	66.000000	-109.200000	-43.200000	-66.000000	68.600000	20.732949	9
45	880267106	1420201449	67.000000	-63.200000	3.800000	-67.000000	40.100000	14.361957	9
46	880267106	1075697339	71.000000	-88.300000	-17.300000	-71.000000	46.000000	15.695922	7
47	880267106	1568394748	55.000000	-78.500000	-23.500000	-55.000000	51.200000	18.300327	10
48	880267106	947749715	68.000000	-68.300000	-0.300000	-68.000000	35.100000	19.438393	10
49	880267106	2068901724	46.000000	-31.700000	14.300000	-46.000000	27.300000	8.249418	6
