NumRep	MapSeed	InitStratSeed	BikeProfit	TransportCosts	TotalProfit	FinalHeuristic	TotalDistance	ExecutionTime	NodesExpanded
0	410179656	1002933508	78.000000	-27.900000	50.100000	-78.000000	19.100000	279.473489	7
1	410179656	1924564700	75.000000	-33.700000	41.300000	-75.000000	24.900000	87.306846	7
2	410179656	247277003	69.000000	-32.600000	36.400000	-69.000000	23.800000	92.451791	8
3	410179656	1660355029	78.000000	-48.000000	30.000000	-78.000000	32.100000	67.606698	6
4	410179656	1080830739	43.000000	-54.500000	-11.500000	-43.000000	52.300000	25.165411	6
5	410179656	2004440910	65.000000	-32.000000	33.000000	-65.000000	27.200000	68.596771	8
6	410179656	1887404915	64.000000	-36.900000	27.100000	-64.000000	25.400000	44.515762	10
7	410179656	90761144	67.000000	-44.700000	22.300000	-67.000000	30.900000	30.852374	6
8	410179656	458046733	68.000000	-44.900000	23.100000	-68.000000	33.600000	42.819973	6
9	410179656	1527656575	69.000000	-49.700000	19.300000	-69.000000	31.600000	44.058761	6
10	410179656	1778097928	66.000000	-35.800000	30.200000	-66.000000	29.100000	39.485736	7
11	410179656	728447485	68.000000	-24.000000	44.000000	-68.000000	20.100000	34.768050	8
12	410179656	28323152	56.000000	-39.600000	16.400000	-56.000000	32.200000	38.346353	9
13	410179656	1416704094	59.000000	-62.900000	-3.900000	-59.000000	42.000000	32.648712	8
14	410179656	860896020	74.000000	-28.500000	45.500000	-74.000000	19.700000	50.847245	9
15	410179656	208754097	76.000000	-27.900000	48.100000	-76.000000	19.100000	48.059011	6
16	410179656	1341801582	52.000000	-84.300000	-32.300000	-52.000000	55.100000	38.438121	10
17	410179656	858002077	57.000000	-33.800000	23.200000	-57.000000	27.100000	33.557556	6
18	410179656	794356224	70.000000	-83.100000	-13.100000	-70.000000	43.000000	49.870190	9
19	410179656	826511769	58.000000	-28.000000	30.000000	-58.000000	23.700000	33.953322	8
20	410179656	1877215108	58.000000	-60.900000	-2.900000	-58.000000	42.000000	38.567685	8
21	410179656	1139011732	63.000000	-49.100000	13.900000	-63.000000	30.600000	33.737832	7
22	410179656	196214937	54.000000	-66.600000	-12.600000	-54.000000	49.100000	31.179281	9
23	410179656	889827269	70.000000	-47.000000	23.000000	-70.000000	29.400000	40.319050	8
24	410179656	641924284	65.000000	-32.000000	33.000000	-65.000000	27.200000	48.934702	8
25	410179656	304064762	49.000000	-61.800000	-12.800000	-49.000000	44.600000	33.075975	9
26	410179656	1917939097	57.000000	-70.200000	-13.200000	-57.000000	43.800000	26.734819	7
27	410179656	225999433	74.000000	-104.400000	-30.400000	-74.000000	61.300000	57.639170	9
28	410179656	768530499	58.000000	-66.000000	-8.000000	-58.000000	41.900000	40.897442	10
29	410179656	245099967	71.000000	-36.400000	34.600000	-71.000000	27.600000	46.857331	7
30	410179656	57244831	64.000000	-92.300000	-28.300000	-64.000000	50.600000	29.699156	6
31	410179656	1549764059	72.000000	-63.300000	8.700000	-72.000000	39.300000	37.884856	9
32	410179656	1810305741	72.000000	-86.300000	-14.300000	-72.000000	58.600000	33.280485	7
33	410179656	1683094680	65.000000	-41.600000	23.400000	-65.000000	31.300000	34.876378	10
34	410179656	267025859	69.000000	-36.400000	32.600000	-69.000000	27.600000	35.331293	6
35	410179656	2004098203	66.000000	-47.300000	18.700000	-66.000000	36.200000	39.194068	8
36	410179656	1207821678	78.000000	-52.200000	25.800000	-78.000000	34.500000	27.704560	6
37	410179656	2033581526	78.000000	-28.700000	49.300000	-78.000000	19.900000	40.715972	8
38	410179656	1654151415	72.000000	-33.800000	38.200000	-72.000000	27.100000	36.487879	8
39	410179656	836129367	50.000000	-91.400000	-41.400000	-50.000000	58.600000	43.180749	7
40	410179656	1038987176	71.000000	-35.500000	35.500000	-71.000000	26.700000	82.354516	8
41	410179656	1093798698	73.000000	-41.200000	31.800000	-73.000000	27.600000	38.764186	8
42	410179656	1330185404	64.000000	-73.200000	-9.200000	-64.000000	42.100000	23.670113	5
43	410179656	91045677	61.000000	-64.300000	-3.300000	-61.000000	32.700000	25.787563	6
44	410179656	656262285	54.000000	-49.400000	4.600000	-54.000000	40.500000	36.037425	9
45	410179656	641916844	68.000000	-44.800000	23.200000	-68.000000	29.500000	37.777670	9
46	410179656	1031858541	65.000000	-48.300000	16.700000	-65.000000	33.000000	38.432464	9
47	410179656	14115492	72.000000	-40.800000	31.200000	-72.000000	32.000000	37.535991	8
48	410179656	1845206934	58.000000	-53.400000	4.600000	-58.000000	37.800000	22.979850	6
49	410179656	1497575070	55.000000	-32.800000	22.200000	-55.000000	26.000000	36.037427	11
0	1579791630	1670375110	81.000000	-43.700000	37.300000	-81.000000	24.600000	22.597515	7
1	1579791630	245813992	73.000000	-60.000000	13.000000	-73.000000	32.400000	17.973661	8
2	1579791630	908432272	32.000000	-48.000000	-16.000000	-32.000000	36.700000	13.306353	8
3	1579791630	1674942632	94.000000	-64.400000	29.600000	-94.000000	28.300000	27.056887	9
4	1579791630	930109832	48.000000	-46.100000	1.900000	-48.000000	35.900000	15.051683	11
5	1579791630	193997411	68.000000	-83.000000	-15.000000	-68.000000	55.200000	17.819591	8
6	1579791630	1892829368	79.000000	-57.800000	21.200000	-79.000000	30.800000	23.049293	10
7	1579791630	230901895	84.000000	-36.300000	47.700000	-84.000000	19.100000	44.541537	9
8	1579791630	428026533	91.000000	-97.800000	-6.800000	-91.000000	47.700000	31.305305	11
9	1579791630	230764921	86.000000	-67.600000	18.400000	-86.000000	39.000000	19.526330	6
10	1579791630	606271074	85.000000	-77.500000	7.500000	-85.000000	33.900000	18.631612	6
11	1579791630	1872128223	85.000000	-56.400000	28.600000	-85.000000	26.000000	25.255890	8
12	1579791630	766483	49.000000	-72.700000	-23.700000	-49.000000	47.900000	12.864986	8
13	1579791630	758456170	85.000000	-40.900000	44.100000	-85.000000	19.400000	18.136340	7
14	1579791630	937889268	74.000000	-46.800000	27.200000	-74.000000	25.600000	21.244539	11
15	1579791630	1302172492	80.000000	-92.900000	-12.900000	-80.000000	48.200000	20.192251	7
16	1579791630	2126946812	80.000000	-76.900000	3.100000	-80.000000	35.900000	15.843806	5
17	1579791630	1173710041	84.000000	-32.300000	51.700000	-84.000000	15.100000	23.013479	6
18	1579791630	1640126317	96.000000	-36.100000	59.900000	-96.000000	19.500000	26.616998	9
19	1579791630	1332050078	53.000000	-51.500000	1.500000	-53.000000	34.500000	13.689395	7
20	1579791630	1016015393	97.000000	-102.700000	-5.700000	-97.000000	46.200000	25.908232	8
21	1579791630	1681236250	78.000000	-64.800000	13.200000	-78.000000	32.900000	30.968730	11
22	1579791630	205064523	86.000000	-63.200000	22.800000	-86.000000	25.000000	26.343425	11
23	1579791630	1956047376	81.000000	-51.000000	30.000000	-81.000000	25.500000	23.044711	10
24	1579791630	114115457	74.000000	-41.000000	33.000000	-74.000000	24.400000	23.951652	9
25	1579791630	1132527501	84.000000	-67.500000	16.500000	-84.000000	31.300000	21.061298	7
26	1579791630	1039107980	65.000000	-73.800000	-8.800000	-65.000000	48.900000	21.358080	9
27	1579791630	596953738	78.000000	-59.100000	18.900000	-78.000000	36.500000	22.788148	8
28	1579791630	1940529948	87.000000	-88.100000	-1.100000	-87.000000	43.200000	20.660630	8
29	1579791630	448658655	63.000000	-94.400000	-31.400000	-63.000000	49.300000	14.392944	8
30	1579791630	1693108985	79.000000	-43.900000	35.100000	-79.000000	19.700000	23.830190	8
31	1579791630	1122953137	91.000000	-61.400000	29.600000	-91.000000	28.500000	19.040866	6
32	1579791630	1185404188	71.000000	-49.400000	21.600000	-71.000000	24.700000	23.614183	10
33	1579791630	40735759	62.000000	-56.900000	5.100000	-62.000000	42.100000	19.940544	9
34	1579791630	910061613	86.000000	-85.500000	0.500000	-86.000000	42.000000	25.135418	8
35	1579791630	2086583098	76.000000	-42.000000	34.000000	-76.000000	24.000000	26.567874	11
36	1579791630	1104740538	81.000000	-79.100000	1.900000	-81.000000	42.200000	19.302724	7
37	1579791630	707449833	42.000000	-78.900000	-36.900000	-42.000000	44.600000	13.690764	9
38	1579791630	322269085	82.000000	-82.000000	0.000000	-82.000000	42.900000	25.329193	8
39	1579791630	161682514	97.000000	-40.200000	56.800000	-97.000000	17.900000	32.892363	8
40	1579791630	949342975	92.000000	-54.700000	37.300000	-92.000000	26.100000	17.213543	7
41	1579791630	1309662297	73.000000	-47.900000	25.100000	-73.000000	25.400000	21.327466	9
42	1579791630	430078899	63.000000	-75.500000	-12.500000	-63.000000	45.900000	15.368192	7
43	1579791630	1093642394	66.000000	-35.300000	30.700000	-66.000000	21.300000	25.429403	11
44	1579791630	388698579	83.000000	-43.400000	39.600000	-83.000000	26.200000	21.338850	7
45	1579791630	1816478465	91.000000	-85.300000	5.700000	-91.000000	39.300000	32.945961	11
46	1579791630	765790440	92.000000	-92.200000	-0.200000	-92.000000	44.600000	23.064254	6
47	1579791630	38112707	95.000000	-92.500000	2.500000	-95.000000	41.100000	30.020027	7
48	1579791630	631265224	84.000000	-78.100000	5.900000	-84.000000	40.400000	29.538130	11
49	1579791630	513860002	81.000000	-78.500000	2.500000	-81.000000	37.900000	26.332711	9
0	133477094	61375173	79.000000	-92.000000	-13.000000	-79.000000	51.400000	19.505219	6
1	133477094	758242995	59.000000	-71.000000	-12.000000	-59.000000	40.000000	16.958468	9
2	133477094	2071050820	84.000000	-62.900000	21.100000	-84.000000	28.700000	22.188656	7
3	133477094	1792186502	70.000000	-102.100000	-32.100000	-70.000000	51.500000	17.910746	7
4	133477094	821242808	58.000000	-80.300000	-22.300000	-58.000000	51.700000	14.730017	6
5	133477094	684147846	84.000000	-131.900000	-47.900000	-84.000000	58.500000	24.832096	9
6	133477094	1607264498	72.000000	-80.100000	-8.100000	-72.000000	42.700000	16.634494	7
7	133477094	217212496	59.000000	-88.900000	-29.900000	-59.000000	48.400000	18.280809	9
8	133477094	1265089062	88.000000	-83.000000	5.000000	-88.000000	36.200000	21.918078	7
9	133477094	1883247857	74.000000	-65.400000	8.600000	-74.000000	33.000000	21.584941	7
10	133477094	400044579	69.000000	-77.500000	-8.500000	-69.000000	39.500000	27.977316	11
11	133477094	1079557926	86.000000	-102.500000	-16.500000	-86.000000	47.500000	25.089983	8
12	133477094	2073826392	63.000000	-72.200000	-9.200000	-63.000000	39.200000	22.640874	10
13	133477094	1980738261	90.000000	-75.900000	14.100000	-90.000000	32.300000	26.987901	9
14	133477094	1134659395	81.000000	-68.300000	12.700000	-81.000000	31.300000	19.289945	6
15	133477094	168441683	89.000000	-101.200000	-12.200000	-89.000000	43.600000	21.691935	6
16	133477094	272968779	58.000000	-66.700000	-8.700000	-58.000000	38.100000	20.444494	10
17	133477094	128159915	72.000000	-88.400000	-16.400000	-72.000000	47.900000	17.389011	6
18	133477094	1366021678	64.000000	-81.000000	-17.000000	-64.000000	48.600000	16.591031	7
19	133477094	1918966272	64.000000	-82.300000	-18.300000	-64.000000	52.300000	15.350917	9
20	133477094	53361262	64.000000	-76.000000	-12.000000	-64.000000	42.000000	15.810753	6
21	133477094	1996913464	67.000000	-92.200000	-25.200000	-67.000000	54.300000	16.470590	8
22	133477094	660116959	57.000000	-83.100000	-26.100000	-57.000000	50.400000	15.634851	9
23	133477094	857528896	83.000000	-73.800000	9.200000	-83.000000	32.600000	22.148505	7
24	133477094	803593728	69.000000	-93.500000	-24.500000	-69.000000	55.700000	17.048326	9
25	133477094	1127181505	72.000000	-93.900000	-21.900000	-72.000000	47.300000	14.163407	6
26	133477094	2067643421	78.000000	-71.100000	6.900000	-78.000000	31.300000	18.399519	6
27	133477094	297281750	75.000000	-71.200000	3.800000	-75.000000	38.800000	20.177132	7
28	133477094	1979066099	89.000000	-70.100000	18.900000	-89.000000	27.900000	22.165809	7
29	133477094	1230635185	89.000000	-70.100000	18.900000	-89.000000	27.900000	23.223528	7
30	133477094	986520302	88.000000	-71.700000	16.300000	-88.000000	28.700000	22.154318	8
31	133477094	422753283	64.000000	-82.700000	-18.700000	-64.000000	51.500000	21.010606	7
32	133477094	102532710	47.000000	-82.100000	-35.100000	-47.000000	62.100000	14.409455	6
33	133477094	409263719	88.000000	-71.700000	16.300000	-88.000000	28.700000	23.525405	7
34	133477094	634529165	89.000000	-77.200000	11.800000	-89.000000	34.200000	23.989091	8
35	133477094	1058770847	51.000000	-72.200000	-21.200000	-51.000000	46.200000	14.773343	7
36	133477094	865511556	56.000000	-82.200000	-26.200000	-56.000000	53.600000	19.643753	11
37	133477094	1104368915	89.000000	-70.100000	18.900000	-89.000000	27.900000	24.272029	7
38	133477094	1340808518	72.000000	-95.300000	-23.300000	-72.000000	41.900000	15.346651	7
39	133477094	1279869522	74.000000	-79.400000	-5.400000	-74.000000	44.000000	18.784260	7
40	133477094	1345926619	88.000000	-71.700000	16.300000	-88.000000	28.700000	23.289936	8
41	133477094	2058296785	35.000000	-55.700000	-20.700000	-35.000000	35.900000	12.836360	8
42	133477094	650291092	73.000000	-70.300000	2.700000	-73.000000	38.700000	15.436849	5
43	133477094	575438654	57.000000	-63.900000	-6.900000	-57.000000	35.300000	16.948370	8
44	133477094	1537571724	69.000000	-80.600000	-11.600000	-69.000000	39.700000	20.657167	7
45	133477094	153569403	26.000000	-46.200000	-20.200000	-26.000000	34.800000	7.672012	7
46	133477094	1433324162	68.000000	-87.300000	-19.300000	-68.000000	42.700000	18.947646	8
47	133477094	726303522	39.000000	-60.800000	-21.800000	-39.000000	52.200000	9.982751	7
48	133477094	596835873	81.000000	-106.300000	-25.300000	-81.000000	46.700000	20.568563	7
49	133477094	1516850504	54.000000	-67.400000	-13.400000	-54.000000	37.400000	19.008479	8
0	835693683	93313184	92.000000	-62.800000	29.200000	-92.000000	29.800000	26.017811	7
1	835693683	605773267	82.000000	-47.400000	34.600000	-82.000000	25.400000	17.915167	7
2	835693683	406316392	86.000000	-55.500000	30.500000	-86.000000	36.200000	19.998678	6
3	835693683	1144407194	61.000000	-46.900000	14.100000	-61.000000	33.300000	14.679368	8
4	835693683	1961706733	69.000000	-48.300000	20.700000	-69.000000	33.000000	20.033265	7
5	835693683	648894674	91.000000	-49.300000	41.700000	-91.000000	24.300000	19.239000	6
6	835693683	878838727	86.000000	-54.500000	31.500000	-86.000000	28.500000	31.609109	9
7	835693683	938382544	88.000000	-38.700000	49.300000	-88.000000	17.400000	20.882729	6
8	835693683	1309072922	84.000000	-57.000000	27.000000	-84.000000	37.400000	22.903016	7
9	835693683	573767971	74.000000	-52.000000	22.000000	-74.000000	36.100000	21.144115	11
10	835693683	1128308592	67.000000	-33.400000	33.600000	-67.000000	18.200000	25.051109	11
11	835693683	1273455690	89.000000	-54.900000	34.100000	-89.000000	28.900000	21.518665	8
12	835693683	619896970	56.000000	-51.700000	4.300000	-56.000000	36.900000	12.600931	5
13	835693683	1958096850	68.000000	-28.500000	39.500000	-68.000000	15.200000	21.341191	10
14	835693683	294996555	66.000000	-45.900000	20.100000	-66.000000	21.400000	21.781062	8
15	835693683	681895004	85.000000	-42.600000	42.400000	-85.000000	23.500000	22.688723	7
16	835693683	535898721	92.000000	-44.600000	47.400000	-92.000000	20.000000	20.000896	6
17	835693683	325110008	84.000000	-68.400000	15.600000	-84.000000	31.300000	26.159022	9
18	835693683	846709263	73.000000	-40.300000	32.700000	-73.000000	22.700000	19.077368	6
19	835693683	762997891	67.000000	-54.800000	12.200000	-67.000000	35.700000	21.067850	7
20	835693683	1568561599	59.000000	-45.100000	13.900000	-59.000000	30.800000	17.348835	8
21	835693683	1603079553	92.000000	-53.600000	38.400000	-92.000000	23.100000	28.176217	7
22	835693683	2117321579	75.000000	-41.800000	33.200000	-75.000000	28.000000	26.934785	8
23	835693683	1539744076	59.000000	-60.700000	-1.700000	-59.000000	50.700000	18.921709	7
24	835693683	1098093768	92.000000	-53.600000	38.400000	-92.000000	23.100000	23.604640	7
25	835693683	1050072182	86.000000	-52.900000	33.100000	-86.000000	27.900000	23.066424	7
26	835693683	2069235076	68.000000	-42.700000	25.300000	-68.000000	27.200000	17.849348	6
27	835693683	655818788	78.000000	-47.200000	30.800000	-78.000000	24.500000	24.739092	9
28	835693683	790624424	83.000000	-40.300000	42.700000	-83.000000	20.200000	28.852245	8
29	835693683	614640506	76.000000	-54.100000	21.900000	-76.000000	25.300000	24.177044	10
30	835693683	161832347	94.000000	-65.300000	28.700000	-94.000000	28.100000	26.247912	7
31	835693683	146265477	54.000000	-40.200000	13.800000	-54.000000	27.600000	15.007019	9
32	835693683	652783823	76.000000	-53.900000	22.100000	-76.000000	32.300000	16.921089	5
33	835693683	875552985	82.000000	-53.400000	28.600000	-82.000000	28.400000	22.489963	6
34	835693683	23398656	77.000000	-53.900000	23.100000	-77.000000	33.200000	18.780784	5
35	835693683	550869469	75.000000	-42.800000	32.200000	-75.000000	19.300000	21.839085	7
36	835693683	580695622	47.000000	-56.700000	-9.700000	-47.000000	42.600000	10.777151	7
37	835693683	434795569	42.000000	-44.000000	-2.000000	-42.000000	34.600000	12.031057	8
38	835693683	131932677	60.000000	-49.400000	10.600000	-60.000000	37.000000	16.312104	9
39	835693683	1861531277	88.000000	-38.800000	49.200000	-88.000000	25.200000	21.176998	7
40	835693683	1682519766	84.000000	-56.600000	27.400000	-84.000000	31.600000	19.746702	6
41	835693683	1708257400	80.000000	-42.300000	37.700000	-80.000000	22.000000	21.736862	6
42	835693683	482753027	50.000000	-61.600000	-11.600000	-50.000000	37.800000	13.101860	6
43	835693683	1059369941	91.000000	-68.200000	22.800000	-91.000000	26.600000	29.367641	8
44	835693683	939238432	60.000000	-47.300000	12.700000	-60.000000	32.500000	16.475536	6
45	835693683	1349135450	86.000000	-43.500000	42.500000	-86.000000	24.800000	25.150691	9
46	835693683	1523916053	41.000000	-51.900000	-10.900000	-41.000000	42.500000	14.238121	10
47	835693683	1358155122	72.000000	-59.800000	12.200000	-72.000000	41.400000	20.284926	8
48	835693683	1769892711	89.000000	-53.500000	35.500000	-89.000000	34.800000	26.351246	9
49	835693683	474674112	67.000000	-42.900000	24.100000	-67.000000	29.000000	22.306655	9
0	197925380	257955008	47.000000	-29.600000	17.400000	-47.000000	24.600000	15.625876	12
1	197925380	1691373598	29.000000	-19.800000	9.200000	-29.000000	17.800000	11.862139	10
2	197925380	751478782	80.000000	-32.400000	47.600000	-80.000000	16.900000	22.332374	8
3	197925380	2066147100	71.000000	-26.000000	45.000000	-71.000000	14.200000	20.241090	6
4	197925380	1535349526	74.000000	-23.700000	50.300000	-74.000000	14.100000	20.500537	7
5	197925380	1452838595	66.000000	-58.200000	7.800000	-66.000000	35.800000	20.064050	10
6	197925380	49068867	60.000000	-36.900000	23.100000	-60.000000	25.600000	20.390864	8
7	197925380	1123748368	53.000000	-40.500000	12.500000	-53.000000	30.500000	13.525686	7
8	197925380	503118034	71.000000	-29.700000	41.300000	-71.000000	17.900000	20.110372	7
9	197925380	1871840392	26.000000	-34.100000	-8.100000	-26.000000	26.300000	15.906787	7
10	197925380	1578727634	68.000000	-27.600000	40.400000	-68.000000	13.800000	23.560047	7
11	197925380	2043840741	69.000000	-25.300000	43.700000	-69.000000	15.700000	20.612225	7
12	197925380	798257057	49.000000	-12.800000	36.200000	-49.000000	11.600000	11.269682	7
13	197925380	1443913263	37.000000	-49.400000	-12.400000	-37.000000	34.700000	18.802775	9
14	197925380	573732245	63.000000	-64.200000	-1.200000	-63.000000	35.000000	20.150042	7
15	197925380	495400834	72.000000	-34.500000	37.500000	-72.000000	20.700000	26.392765	8
16	197925380	1989379373	72.000000	-23.000000	49.000000	-72.000000	12.800000	24.320747	7
17	197925380	1042694787	47.000000	-29.000000	18.000000	-47.000000	25.200000	11.786174	9
18	197925380	401750329	61.000000	-40.400000	20.600000	-61.000000	25.600000	14.859563	5
19	197925380	337852942	60.000000	-32.100000	27.900000	-60.000000	21.900000	17.912209	8
20	197925380	1073447123	76.000000	-33.900000	42.100000	-76.000000	18.700000	18.935598	6
21	197925380	407030341	49.000000	-31.000000	18.000000	-49.000000	23.200000	13.058946	6
22	197925380	1781180013	72.000000	-29.600000	42.400000	-72.000000	19.400000	21.127938	8
23	197925380	1922478177	70.000000	-36.400000	33.600000	-70.000000	23.000000	19.258957	9
24	197925380	280568102	72.000000	-26.100000	45.900000	-72.000000	16.500000	19.421552	7
25	197925380	1557044726	76.000000	-20.700000	55.300000	-76.000000	12.100000	17.582221	6
26	197925380	74403025	48.000000	-34.900000	13.100000	-48.000000	29.300000	15.081037	9
27	197925380	1874823766	27.000000	-45.600000	-18.600000	-27.000000	36.500000	6.710149	6
28	197925380	1511702723	56.000000	-66.500000	-10.500000	-56.000000	39.500000	14.461993	5
29	197925380	638959150	56.000000	-47.400000	8.600000	-56.000000	33.500000	19.556784	11
30	197925380	230728038	76.000000	-27.100000	48.900000	-76.000000	15.300000	25.285200	7
31	197925380	1558216985	71.000000	-31.000000	40.000000	-71.000000	19.200000	20.765975	7
32	197925380	1080943593	68.000000	-33.300000	34.700000	-68.000000	19.700000	24.482231	7
33	197925380	1181414087	27.000000	-34.200000	-7.200000	-27.000000	26.400000	18.583217	8
34	197925380	393027758	62.000000	-36.400000	25.600000	-62.000000	24.200000	15.294821	6
35	197925380	591674479	50.000000	-22.500000	27.500000	-50.000000	17.900000	19.685549	9
36	197925380	977874250	66.000000	-42.800000	23.200000	-66.000000	33.200000	23.628454	8
37	197925380	2031214987	71.000000	-34.800000	36.200000	-71.000000	20.600000	21.663170	8
38	197925380	167597926	42.000000	-37.200000	4.800000	-42.000000	35.400000	15.127219	9
39	197925380	560569482	76.000000	-27.100000	48.900000	-76.000000	15.300000	21.869598	7
40	197925380	984071182	59.000000	-29.000000	30.000000	-59.000000	24.400000	21.783154	9
41	197925380	823971380	47.000000	-24.800000	22.200000	-47.000000	19.200000	11.430886	9
42	197925380	1604310004	60.000000	-26.000000	34.000000	-60.000000	19.600000	22.063382	8
43	197925380	1354116561	50.000000	-56.400000	-6.400000	-50.000000	38.100000	18.510116	7
44	197925380	1469771767	37.000000	-40.000000	-3.000000	-37.000000	38.000000	12.832776	10
45	197925380	1644888233	60.000000	-30.600000	29.400000	-60.000000	18.600000	19.557408	7
46	197925380	1428815656	71.000000	-47.500000	23.500000	-71.000000	30.300000	19.387744	7
47	197925380	1598800964	73.000000	-50.100000	22.900000	-73.000000	28.500000	20.021757	7
48	197925380	1928828867	72.000000	-40.000000	32.000000	-72.000000	24.800000	28.614236	10
49	197925380	1788138905	54.000000	-53.700000	0.300000	-54.000000	35.800000	19.127467	7
0	1068145833	948904392	73.000000	-65.700000	7.300000	-73.000000	33.500000	21.357327	8
1	1068145833	640517166	63.000000	-48.500000	14.500000	-63.000000	31.000000	15.262849	9
2	1068145833	808516308	72.000000	-41.600000	30.400000	-72.000000	21.600000	21.476167	10
3	1068145833	106940942	63.000000	-47.300000	15.700000	-63.000000	27.800000	18.152366	10
4	1068145833	1800676121	60.000000	-58.400000	1.600000	-60.000000	40.500000	16.168572	7
5	1068145833	1784488257	75.000000	-69.400000	5.600000	-75.000000	31.800000	21.613887	7
6	1068145833	687426799	64.000000	-34.300000	29.700000	-64.000000	19.300000	20.851508	8
7	1068145833	299841200	64.000000	-85.600000	-21.600000	-64.000000	47.400000	19.919093	6
8	1068145833	508059891	68.000000	-71.500000	-3.500000	-68.000000	36.900000	16.573096	7
9	1068145833	1054035954	72.000000	-62.500000	9.500000	-72.000000	25.600000	19.053126	6
10	1068145833	1709983156	41.000000	-71.800000	-30.800000	-41.000000	47.600000	13.239355	8
11	1068145833	998763988	38.000000	-58.000000	-20.000000	-38.000000	33.800000	13.442891	7
12	1068145833	450335167	64.000000	-48.000000	16.000000	-64.000000	30.100000	21.853612	8
13	1068145833	1141696665	80.000000	-83.100000	-3.100000	-80.000000	35.500000	23.133827	7
14	1068145833	2006069737	57.000000	-62.500000	-5.500000	-57.000000	37.600000	20.429144	12
15	1068145833	1632510627	67.000000	-63.700000	3.300000	-67.000000	31.500000	22.683269	8
16	1068145833	15117943	45.000000	-61.300000	-16.300000	-45.000000	32.800000	12.620102	8
17	1068145833	647531249	35.000000	-38.700000	-3.700000	-35.000000	32.100000	9.098636	7
18	1068145833	289822950	68.000000	-64.900000	3.100000	-68.000000	32.000000	16.585017	6
19	1068145833	2067450058	54.000000	-47.400000	6.600000	-54.000000	28.600000	27.514648	9
20	1068145833	203836611	38.000000	-48.500000	-10.500000	-38.000000	24.300000	12.935464	6
21	1068145833	2104396659	52.000000	-31.300000	20.700000	-52.000000	20.900000	15.186168	11
22	1068145833	579587154	75.000000	-64.100000	10.900000	-75.000000	31.900000	17.582383	7
23	1068145833	122492553	74.000000	-49.200000	24.800000	-74.000000	29.500000	18.406876	6
24	1068145833	446505936	55.000000	-78.500000	-23.500000	-55.000000	48.600000	18.515065	8
25	1068145833	434194394	62.000000	-56.100000	5.900000	-62.000000	40.000000	16.646435	10
26	1068145833	2079645391	64.000000	-42.000000	22.000000	-64.000000	27.800000	18.395408	7
27	1068145833	1863511258	44.000000	-61.800000	-17.800000	-44.000000	37.600000	14.952556	9
28	1068145833	1145550341	66.000000	-69.400000	-3.400000	-66.000000	39.300000	20.654983	8
29	1068145833	751494454	58.000000	-58.400000	-0.400000	-58.000000	30.700000	23.463252	10
30	1068145833	1347044278	52.000000	-54.500000	-2.500000	-52.000000	30.300000	13.576234	7
31	1068145833	1072507373	80.000000	-69.900000	10.100000	-80.000000	29.900000	22.238692	8
32	1068145833	306849095	58.000000	-62.700000	-4.700000	-58.000000	28.300000	18.909157	9
33	1068145833	339571903	67.000000	-73.600000	-6.600000	-67.000000	41.400000	33.840900	12
34	1068145833	1799280212	73.000000	-63.000000	10.000000	-73.000000	26.100000	17.313066	6
35	1068145833	1486152016	64.000000	-79.900000	-15.900000	-64.000000	38.500000	22.810140	8
36	1068145833	1456549340	80.000000	-64.300000	15.700000	-80.000000	29.400000	23.395339	9
37	1068145833	1754956042	70.000000	-70.100000	-0.100000	-70.000000	40.800000	17.433114	6
38	1068145833	1939671183	69.000000	-39.900000	29.100000	-69.000000	22.700000	21.544278	9
39	1068145833	202800613	48.000000	-64.600000	-16.600000	-48.000000	45.400000	17.134082	8
40	1068145833	1298090360	65.000000	-82.400000	-17.400000	-65.000000	50.200000	17.056794	7
41	1068145833	2006385554	73.000000	-63.800000	9.200000	-73.000000	31.600000	24.349093	9
42	1068145833	2138766108	58.000000	-67.600000	-9.600000	-58.000000	37.700000	17.465237	8
43	1068145833	739756818	65.000000	-69.500000	-4.500000	-65.000000	38.600000	18.513795	11
44	1068145833	98761527	75.000000	-64.000000	11.000000	-75.000000	27.100000	27.862730	9
45	1068145833	1196474802	35.000000	-52.600000	-17.600000	-35.000000	34.400000	8.187860	7
46	1068145833	631389114	60.000000	-85.700000	-25.700000	-60.000000	52.900000	14.311135	7
47	1068145833	1910367614	61.000000	-63.100000	-2.100000	-61.000000	29.600000	17.406347	7
48	1068145833	731070941	80.000000	-75.900000	4.100000	-80.000000	31.900000	24.476357	8
49	1068145833	2067403212	48.000000	-44.000000	4.000000	-48.000000	37.900000	11.273998	9
0	1950082913	1074344469	45.000000	-30.600000	14.400000	-45.000000	22.800000	14.556891	6
1	1950082913	1741875685	71.000000	-41.200000	29.800000	-71.000000	25.000000	22.330240	8
2	1950082913	988770799	63.000000	-36.700000	26.300000	-63.000000	23.900000	19.398620	8
3	1950082913	1493038064	68.000000	-63.500000	4.500000	-68.000000	40.900000	25.857523	10
4	1950082913	223619694	51.000000	-34.800000	16.200000	-51.000000	25.400000	19.229532	12
5	1950082913	778517	57.000000	-42.000000	15.000000	-57.000000	30.800000	23.621187	9
6	1950082913	640313466	70.000000	-44.700000	25.300000	-70.000000	28.600000	25.393092	9
7	1950082913	1071347260	71.000000	-42.400000	28.600000	-71.000000	25.200000	20.148741	6
8	1950082913	155649266	67.000000	-56.900000	10.100000	-67.000000	42.600000	22.596965	9
9	1950082913	50083139	54.000000	-39.000000	15.000000	-54.000000	22.300000	20.177797	7
10	1950082913	433684298	60.000000	-39.800000	20.200000	-60.000000	23.400000	14.814997	7
11	1950082913	898153804	62.000000	-34.000000	28.000000	-62.000000	22.800000	21.553588	9
12	1950082913	679331148	45.000000	-52.300000	-7.300000	-45.000000	38.700000	20.997694	9
13	1950082913	235069638	54.000000	-40.500000	13.500000	-54.000000	34.100000	18.386684	8
14	1950082913	1982079828	35.000000	-32.900000	2.100000	-35.000000	32.900000	9.933766	7
15	1950082913	2073181501	61.000000	-40.600000	20.400000	-61.000000	23.500000	19.102620	6
16	1950082913	560346405	58.000000	-41.700000	16.300000	-58.000000	29.300000	22.121826	9
17	1950082913	420002988	42.000000	-42.500000	-0.500000	-42.000000	37.700000	16.815967	12
18	1950082913	1077105587	60.000000	-36.400000	23.600000	-60.000000	26.200000	20.453414	8
19	1950082913	379391191	71.000000	-38.100000	32.900000	-71.000000	24.300000	22.811196	8
20	1950082913	28087911	71.000000	-51.000000	20.000000	-71.000000	34.100000	25.274147	10
21	1950082913	1996600313	51.000000	-44.600000	6.400000	-51.000000	36.200000	11.562529	7
22	1950082913	456140452	46.000000	-35.400000	10.600000	-46.000000	30.600000	25.646708	10
23	1950082913	1476398684	59.000000	-40.400000	18.600000	-59.000000	26.100000	19.120229	12
24	1950082913	1368734484	62.000000	-49.800000	12.200000	-62.000000	31.200000	18.797265	8
25	1950082913	1302929185	71.000000	-41.300000	29.700000	-71.000000	25.200000	22.480798	7
26	1950082913	2014689042	55.000000	-29.100000	25.900000	-55.000000	20.300000	21.750081	12
27	1950082913	639810970	68.000000	-45.300000	22.700000	-68.000000	29.200000	21.149609	8
28	1950082913	788006838	64.000000	-33.500000	30.500000	-64.000000	19.700000	20.760713	7
29	1950082913	1907771357	55.000000	-45.000000	10.000000	-55.000000	30.400000	19.220732	7
30	1950082913	744192303	62.000000	-60.900000	1.100000	-62.000000	49.900000	15.283697	5
31	1950082913	1739499519	61.000000	-47.300000	13.700000	-61.000000	34.700000	27.055903	11
32	1950082913	1798495282	67.000000	-48.700000	18.300000	-67.000000	27.500000	18.996535	6
33	1950082913	526783164	59.000000	-38.600000	20.400000	-59.000000	27.400000	19.697290	7
34	1950082913	991754426	70.000000	-41.700000	28.300000	-70.000000	27.900000	29.019098	8
35	1950082913	172002097	70.000000	-63.800000	6.200000	-70.000000	35.600000	25.698074	11
36	1950082913	1829233900	63.000000	-39.500000	23.500000	-63.000000	25.700000	17.318396	6
37	1950082913	1171706991	71.000000	-33.700000	37.300000	-71.000000	19.900000	20.786394	6
38	1950082913	201587990	62.000000	-70.000000	-8.000000	-62.000000	39.800000	23.031637	7
39	1950082913	635837666	57.000000	-73.900000	-16.900000	-57.000000	34.600000	23.016677	6
40	1950082913	1627182108	48.000000	-48.500000	-0.500000	-48.000000	32.500000	16.926153	10
41	1950082913	240339896	69.000000	-54.300000	14.700000	-69.000000	39.700000	21.376168	9
42	1950082913	249173921	70.000000	-49.400000	20.600000	-70.000000	31.900000	19.941637	6
43	1950082913	995457508	56.000000	-52.300000	3.700000	-56.000000	41.100000	13.625725	7
44	1950082913	544211723	39.000000	-27.000000	12.000000	-39.000000	22.000000	12.978738	9
45	1950082913	1867105448	71.000000	-38.700000	32.300000	-71.000000	22.600000	22.574324	8
46	1950082913	1648793651	59.000000	-35.800000	23.200000	-59.000000	20.100000	20.958837	8
47	1950082913	2070625558	71.000000	-33.700000	37.300000	-71.000000	19.900000	22.767762	7
48	1950082913	691567499	64.000000	-38.600000	25.400000	-64.000000	23.400000	24.069361	9
49	1950082913	1967940855	53.000000	-45.600000	7.400000	-53.000000	29.600000	14.193106	5
0	600444519	1646943427	75.000000	-44.400000	30.600000	-75.000000	22.200000	28.125470	8
1	600444519	1370029748	54.000000	-55.200000	-1.200000	-54.000000	36.800000	17.868684	6
2	600444519	1003301648	63.000000	-66.500000	-3.500000	-63.000000	37.800000	20.578528	9
3	600444519	314015785	69.000000	-57.400000	11.600000	-69.000000	35.500000	29.695838	11
4	600444519	1223303477	73.000000	-49.900000	23.100000	-73.000000	29.100000	26.483328	8
5	600444519	1743850430	68.000000	-53.600000	14.400000	-68.000000	32.800000	20.813860	6
6	600444519	523718014	64.000000	-28.800000	35.200000	-64.000000	19.100000	16.119784	5
7	600444519	56486233	71.000000	-28.300000	42.700000	-71.000000	15.000000	20.688002	7
8	600444519	2124483405	78.000000	-65.600000	12.400000	-78.000000	32.800000	22.896585	7
9	600444519	2073013771	58.000000	-53.000000	5.000000	-58.000000	36.100000	18.373270	9
10	600444519	771853388	61.000000	-39.600000	21.400000	-61.000000	32.200000	17.431795	6
11	600444519	368687416	73.000000	-56.500000	16.500000	-73.000000	35.700000	18.238184	6
12	600444519	739276847	62.000000	-57.400000	4.600000	-62.000000	31.500000	24.721935	7
13	600444519	155323079	48.000000	-60.400000	-12.400000	-48.000000	48.400000	11.235591	7
14	600444519	1689227454	67.000000	-38.700000	28.300000	-67.000000	27.900000	32.970904	12
15	600444519	668102282	60.000000	-86.500000	-26.500000	-60.000000	55.300000	19.396254	7
16	600444519	131981682	53.000000	-48.800000	4.200000	-53.000000	34.500000	16.978045	9
17	600444519	355963865	78.000000	-53.600000	24.400000	-78.000000	26.800000	16.115130	6
18	600444519	1986635514	67.000000	-66.400000	0.600000	-67.000000	39.600000	20.704264	8
19	600444519	1440435477	49.000000	-59.600000	-10.600000	-49.000000	43.900000	13.321721	9
20	600444519	697414988	73.000000	-67.200000	5.800000	-73.000000	33.600000	20.359597	8
21	600444519	1644220809	58.000000	-36.700000	21.300000	-58.000000	22.500000	18.889707	8
22	600444519	550095541	78.000000	-65.600000	12.400000	-78.000000	32.800000	25.763746	7
23	600444519	373127715	71.000000	-34.200000	36.800000	-71.000000	20.900000	20.533002	6
24	600444519	1617024356	72.000000	-43.000000	29.000000	-72.000000	30.000000	23.248547	8
25	600444519	714478593	67.000000	-57.400000	9.600000	-67.000000	32.900000	18.971068	7
26	600444519	864475559	56.000000	-77.100000	-21.100000	-56.000000	46.100000	14.638973	9
27	600444519	1167098571	55.000000	-52.500000	2.500000	-55.000000	34.600000	18.459093	13
28	600444519	1284816501	45.000000	-67.500000	-22.500000	-45.000000	51.700000	14.897445	9
29	600444519	596315193	78.000000	-53.600000	24.400000	-78.000000	26.800000	24.329919	7
30	600444519	177925845	67.000000	-34.900000	32.100000	-67.000000	25.200000	26.415565	9
31	600444519	2015774748	84.000000	-101.400000	-17.400000	-84.000000	66.200000	31.001392	11
32	600444519	652891796	66.000000	-43.200000	22.800000	-66.000000	27.500000	18.215790	7
33	600444519	354700537	64.000000	-56.000000	8.000000	-64.000000	37.500000	23.970163	13
34	600444519	270657020	66.000000	-42.400000	23.600000	-66.000000	32.700000	19.015261	6
35	600444519	661607675	79.000000	-66.400000	12.600000	-79.000000	33.200000	22.799251	8
36	600444519	1108829617	64.000000	-90.500000	-26.500000	-64.000000	52.800000	18.495068	10
37	600444519	27505789	78.000000	-65.600000	12.400000	-78.000000	32.800000	25.227226	7
38	600444519	1707935373	65.000000	-54.700000	10.300000	-65.000000	36.200000	24.443070	11
39	600444519	1864145782	68.000000	-36.400000	31.600000	-68.000000	26.700000	24.347074	7
40	600444519	1728099397	70.000000	-49.500000	20.500000	-70.000000	27.600000	20.676314	7
41	600444519	12631502	68.000000	-37.100000	30.900000	-68.000000	27.400000	28.406833	10
42	600444519	342415323	58.000000	-75.100000	-17.100000	-58.000000	43.900000	19.976655	8
43	600444519	2101582284	63.000000	-43.800000	19.200000	-63.000000	28.800000	22.891391	11
44	600444519	889377369	65.000000	-64.600000	0.400000	-65.000000	47.000000	21.493044	10
45	600444519	1122089382	73.000000	-67.100000	5.900000	-73.000000	39.500000	17.328288	6
46	600444519	311564960	62.000000	-68.300000	-6.300000	-62.000000	43.900000	16.646841	5
47	600444519	476702627	39.000000	-75.800000	-36.800000	-39.000000	61.500000	13.399414	11
48	600444519	741574424	73.000000	-58.000000	15.000000	-73.000000	38.700000	19.912918	7
49	600444519	206237713	72.000000	-56.600000	15.400000	-72.000000	36.800000	26.714624	10
0	2140441359	1013717461	91.000000	-88.300000	2.700000	-91.000000	35.000000	19.184726	7
1	2140441359	2018553146	91.000000	-102.700000	-11.700000	-91.000000	42.200000	27.172320	9
2	2140441359	506931333	80.000000	-83.400000	-3.400000	-80.000000	40.100000	15.242514	5
3	2140441359	1086448655	91.000000	-99.300000	-8.300000	-91.000000	40.500000	20.693134	6
4	2140441359	1894930110	82.000000	-99.700000	-17.700000	-82.000000	45.700000	18.265589	6
5	2140441359	552889077	87.000000	-88.700000	-1.700000	-87.000000	40.000000	21.865487	7
6	2140441359	244011989	91.000000	-73.800000	17.200000	-91.000000	31.000000	23.810771	8
7	2140441359	1000636035	91.000000	-88.000000	3.000000	-91.000000	38.100000	22.716405	8
8	2140441359	1496227735	81.000000	-84.700000	-3.700000	-81.000000	38.600000	19.465051	9
9	2140441359	1171105695	87.000000	-93.000000	-6.000000	-87.000000	44.300000	23.363451	7
10	2140441359	28567129	76.000000	-81.800000	-5.800000	-76.000000	45.300000	16.171836	8
11	2140441359	242753558	59.000000	-107.300000	-48.300000	-59.000000	52.100000	13.303584	9
12	2140441359	546146347	81.000000	-60.900000	20.100000	-81.000000	30.000000	19.072117	7
13	2140441359	1510431858	80.000000	-101.500000	-21.500000	-80.000000	45.100000	21.900867	10
14	2140441359	1444833210	91.000000	-98.200000	-7.200000	-91.000000	41.000000	15.161956	5
15	2140441359	1630757838	91.000000	-93.200000	-2.200000	-91.000000	37.200000	24.433992	9
16	2140441359	875607640	91.000000	-92.300000	-1.300000	-91.000000	37.000000	16.230211	6
17	2140441359	1955021007	82.000000	-98.500000	-16.500000	-82.000000	44.500000	19.508634	7
18	2140441359	284826484	91.000000	-77.700000	13.300000	-91.000000	33.600000	21.925413	10
19	2140441359	207189302	91.000000	-98.300000	-7.300000	-91.000000	40.000000	22.847971	7
20	2140441359	407187281	85.000000	-99.600000	-14.600000	-85.000000	43.700000	23.164839	8
21	2140441359	660076846	75.000000	-89.500000	-14.500000	-75.000000	39.800000	22.192024	8
22	2140441359	379445822	80.000000	-106.400000	-26.400000	-80.000000	47.000000	20.471373	8
23	2140441359	764408622	82.000000	-80.300000	1.700000	-82.000000	37.000000	20.102475	7
24	2140441359	1818103099	65.000000	-78.400000	-13.400000	-65.000000	44.200000	20.167525	12
25	2140441359	1274146347	91.000000	-71.600000	19.400000	-91.000000	29.900000	22.498100	7
26	2140441359	80806600	69.000000	-71.300000	-2.300000	-69.000000	41.300000	23.390329	10
27	2140441359	2136341473	79.000000	-84.500000	-5.500000	-79.000000	46.000000	20.101658	7
28	2140441359	1140366341	69.000000	-69.300000	-0.300000	-69.000000	34.900000	20.572233	8
29	2140441359	1922026456	62.000000	-66.100000	-4.100000	-62.000000	36.400000	18.181065	7
30	2140441359	1634458558	72.000000	-98.700000	-26.700000	-72.000000	53.700000	16.332798	7
31	2140441359	936992623	85.000000	-99.500000	-14.500000	-85.000000	45.300000	21.996137	9
32	2140441359	401530694	63.000000	-76.600000	-13.600000	-63.000000	35.500000	20.026538	10
33	2140441359	1532733712	91.000000	-73.200000	17.800000	-91.000000	30.700000	24.906244	8
34	2140441359	1231387695	91.000000	-98.300000	-7.300000	-91.000000	40.000000	22.129403	7
35	2140441359	1434909566	76.000000	-73.000000	3.000000	-76.000000	36.100000	16.572308	8
36	2140441359	155024992	81.000000	-79.500000	1.500000	-81.000000	41.000000	18.041261	6
37	2140441359	216127269	72.000000	-68.700000	3.300000	-72.000000	34.800000	17.137595	9
38	2140441359	1510155758	79.000000	-85.500000	-6.500000	-79.000000	43.800000	32.646390	7
39	2140441359	378748458	82.000000	-83.600000	-1.600000	-82.000000	40.300000	33.794829	8
40	2140441359	1965169463	62.000000	-83.200000	-21.200000	-62.000000	50.800000	19.074440	6
41	2140441359	1003903013	91.000000	-98.300000	-7.300000	-91.000000	40.000000	22.855474	7
42	2140441359	796833175	91.000000	-98.300000	-7.300000	-91.000000	40.000000	19.991940	6
43	2140441359	1666699692	74.000000	-74.400000	-0.400000	-74.000000	37.100000	24.713944	7
44	2140441359	1983319497	91.000000	-89.000000	2.000000	-91.000000	37.400000	27.829695	9
45	2140441359	1289355012	91.000000	-91.800000	-0.800000	-91.000000	40.000000	24.395387	7
46	2140441359	169407664	87.000000	-102.300000	-15.300000	-87.000000	43.500000	22.054873	10
47	2140441359	839085903	64.000000	-72.300000	-8.300000	-64.000000	37.600000	10.330654	4
48	2140441359	1574013684	91.000000	-113.300000	-22.300000	-91.000000	47.500000	24.537404	8
49	2140441359	1099707969	75.000000	-65.300000	9.700000	-75.000000	32.700000	21.871573	10
0	1963503508	773716441	83.000000	-65.800000	17.200000	-83.000000	31.200000	25.844673	13
1	1963503508	1132355222	88.000000	-87.400000	0.600000	-88.000000	36.600000	19.473053	6
2	1963503508	192539600	50.000000	-76.100000	-26.100000	-50.000000	55.100000	19.361054	10
3	1963503508	1978822242	77.000000	-68.200000	8.800000	-77.000000	32.400000	23.834979	7
4	1963503508	107130758	76.000000	-74.000000	2.000000	-76.000000	38.300000	22.687844	9
5	1963503508	13690124	68.000000	-70.500000	-2.500000	-68.000000	37.600000	21.094584	9
6	1963503508	439328185	88.000000	-79.500000	8.500000	-88.000000	32.500000	22.356596	6
7	1963503508	340146741	86.000000	-86.800000	-0.800000	-86.000000	50.800000	25.839331	8
8	1963503508	1337172181	57.000000	-77.200000	-20.200000	-57.000000	39.100000	16.453565	7
9	1963503508	1046404164	88.000000	-94.700000	-6.700000	-88.000000	38.600000	30.424513	7
10	1963503508	1294055630	88.000000	-80.100000	7.900000	-88.000000	31.300000	19.847021	6
11	1963503508	144659627	87.000000	-81.300000	5.700000	-87.000000	33.500000	18.377599	5
12	1963503508	1553097768	50.000000	-68.000000	-18.000000	-50.000000	37.600000	17.935800	9
13	1963503508	43860320	77.000000	-92.300000	-15.300000	-77.000000	41.700000	16.359812	5
14	1963503508	206420608	71.000000	-78.600000	-7.600000	-71.000000	39.400000	18.051819	7
15	1963503508	1227555246	90.000000	-90.100000	-0.100000	-90.000000	36.300000	22.408198	7
16	1963503508	1043374550	88.000000	-80.100000	7.900000	-88.000000	31.300000	24.177995	8
17	1963503508	715886179	80.000000	-87.200000	-7.200000	-80.000000	39.900000	22.189265	8
18	1963503508	440411950	63.000000	-80.500000	-17.500000	-63.000000	40.500000	19.203060	10
19	1963503508	46241592	59.000000	-61.300000	-2.300000	-59.000000	34.100000	17.401349	10
20	1963503508	1650763639	81.000000	-78.000000	3.000000	-81.000000	33.800000	21.141645	8
21	1963503508	2036637653	78.000000	-69.400000	8.600000	-78.000000	33.800000	17.162835	8
22	1963503508	1660358718	65.000000	-65.400000	-0.400000	-65.000000	44.400000	15.154948	8
23	1963503508	85489429	90.000000	-106.800000	-16.800000	-90.000000	42.500000	21.755542	8
24	1963503508	1608852183	83.000000	-73.700000	9.300000	-83.000000	29.500000	20.369772	7
25	1963503508	1764688234	77.000000	-66.000000	11.000000	-77.000000	35.800000	25.829790	10
26	1963503508	626410687	73.000000	-50.500000	22.500000	-73.000000	24.700000	20.063912	7
27	1963503508	88207498	86.000000	-88.700000	-2.700000	-86.000000	35.600000	25.814761	8
28	1963503508	864617875	82.000000	-61.100000	20.900000	-82.000000	31.100000	25.602002	10
29	1963503508	34710490	78.000000	-83.100000	-5.100000	-78.000000	39.000000	23.107415	10
30	1963503508	146417545	82.000000	-85.400000	-3.400000	-82.000000	37.000000	18.382075	6
31	1963503508	1800407293	53.000000	-83.900000	-30.900000	-53.000000	49.900000	9.517212	5
32	1963503508	1810403394	82.000000	-82.400000	-0.400000	-82.000000	38.200000	24.523556	9
33	1963503508	1093794165	76.000000	-81.600000	-5.600000	-76.000000	39.100000	27.188084	11
34	1963503508	1960193961	59.000000	-79.500000	-20.500000	-59.000000	47.300000	19.671546	11
35	1963503508	1167011117	73.000000	-91.200000	-18.200000	-73.000000	43.900000	19.719523	9
36	1963503508	794592667	84.000000	-89.600000	-5.600000	-84.000000	45.400000	27.204722	12
37	1963503508	1048607806	66.000000	-92.900000	-26.900000	-66.000000	59.600000	20.747344	12
38	1963503508	984354448	62.000000	-74.900000	-12.900000	-62.000000	41.500000	19.291121	11
39	1963503508	1970129703	67.000000	-80.700000	-13.700000	-67.000000	45.200000	18.088452	7
40	1963503508	720930119	72.000000	-68.000000	4.000000	-72.000000	30.300000	19.835249	7
41	1963503508	821598791	64.000000	-77.200000	-13.200000	-64.000000	46.300000	14.929367	8
42	1963503508	1242070885	48.000000	-40.200000	7.800000	-48.000000	26.000000	12.473701	8
43	1963503508	935711450	83.000000	-79.800000	3.200000	-83.000000	35.600000	18.441305	6
44	1963503508	1337823389	83.000000	-67.700000	15.300000	-83.000000	33.100000	21.296160	7
45	1963503508	964234149	88.000000	-100.600000	-12.600000	-88.000000	46.100000	24.186651	7
46	1963503508	1335017305	71.000000	-94.700000	-23.700000	-71.000000	46.600000	19.531629	7
47	1963503508	1272782770	79.000000	-93.200000	-14.200000	-79.000000	43.000000	20.749460	8
48	1963503508	1306637267	88.000000	-76.700000	11.300000	-88.000000	29.600000	21.390553	7
49	1963503508	2010746735	32.000000	-50.600000	-18.600000	-32.000000	44.300000	9.836087	8
0	93058589	612126750	74.000000	-31.800000	42.200000	-74.000000	19.000000	22.945418	9
1	93058589	900684351	68.000000	-39.900000	28.100000	-68.000000	30.400000	19.782813	10
2	93058589	989866997	70.000000	-54.400000	15.600000	-70.000000	28.900000	22.422323	8
3	93058589	1117124969	52.000000	-52.300000	-0.300000	-52.000000	32.600000	15.771422	9
4	93058589	1308010085	59.000000	-43.000000	16.000000	-59.000000	28.600000	18.673848	11
5	93058589	1740193633	66.000000	-28.900000	37.100000	-66.000000	19.800000	24.082742	10
6	93058589	1163202151	84.000000	-41.200000	42.800000	-84.000000	24.800000	21.581094	9
7	93058589	27259441	72.000000	-30.500000	41.500000	-72.000000	21.200000	21.496962	10
8	93058589	1682431755	52.000000	-40.400000	11.600000	-52.000000	30.700000	19.537707	14
9	93058589	231492661	72.000000	-48.300000	23.700000	-72.000000	24.800000	20.972030	7
10	93058589	1185646830	73.000000	-38.100000	34.900000	-73.000000	19.400000	24.157334	11
11	93058589	920150264	71.000000	-40.800000	30.200000	-71.000000	26.700000	19.822329	8
12	93058589	1750549131	80.000000	-33.900000	46.100000	-80.000000	21.300000	23.585266	8
13	93058589	941142708	83.000000	-41.800000	41.200000	-83.000000	25.400000	21.768983	8
14	93058589	1282203491	72.000000	-71.400000	0.600000	-72.000000	37.200000	19.307057	9
15	93058589	1903265352	78.000000	-48.700000	29.300000	-78.000000	28.700000	23.174694	10
16	93058589	550912409	62.000000	-59.100000	2.900000	-62.000000	29.600000	19.233811	9
17	93058589	1309285361	86.000000	-63.800000	22.200000	-86.000000	27.700000	20.455838	7
18	93058589	97035670	74.000000	-54.500000	19.500000	-74.000000	27.500000	14.517842	5
19	93058589	131177046	83.000000	-27.300000	55.700000	-83.000000	14.700000	19.130242	7
20	93058589	1412406783	63.000000	-40.500000	22.500000	-63.000000	29.200000	17.065611	8
21	93058589	553390802	73.000000	-40.100000	32.900000	-73.000000	20.400000	38.516743	9
22	93058589	870661146	74.000000	-29.300000	44.700000	-74.000000	14.900000	34.938620	7
23	93058589	2019208065	78.000000	-37.500000	40.500000	-78.000000	23.100000	27.047907	9
24	93058589	20610179	74.000000	-34.300000	39.700000	-74.000000	22.800000	18.403991	6
25	93058589	609785655	84.000000	-41.800000	42.200000	-84.000000	25.400000	30.301553	10
26	93058589	405452217	76.000000	-46.900000	29.100000	-76.000000	19.100000	20.547526	6
27	93058589	186066494	56.000000	-39.200000	16.800000	-56.000000	24.000000	16.920396	10
28	93058589	608591288	65.000000	-70.000000	-5.000000	-65.000000	42.900000	23.935622	9
29	93058589	792582588	61.000000	-27.700000	33.300000	-61.000000	18.200000	17.107513	7
30	93058589	311239934	60.000000	-36.500000	23.500000	-60.000000	23.700000	17.706053	9
31	93058589	490210228	74.000000	-32.400000	41.600000	-74.000000	18.000000	18.912988	7
32	93058589	1404370636	66.000000	-25.000000	41.000000	-66.000000	15.700000	16.357012	10
33	93058589	845684280	82.000000	-27.300000	54.700000	-82.000000	14.700000	20.936378	7
34	93058589	425414832	67.000000	-56.000000	11.000000	-67.000000	34.700000	20.558574	10
35	93058589	1341235634	79.000000	-51.200000	27.800000	-79.000000	27.800000	21.347837	8
36	93058589	1358373882	75.000000	-45.400000	29.600000	-75.000000	26.200000	23.582464	9
37	93058589	129812431	62.000000	-68.100000	-6.100000	-62.000000	34.100000	18.813821	10
38	93058589	2142687784	46.000000	-35.600000	10.400000	-46.000000	24.500000	18.039443	8
39	93058589	417612127	72.000000	-40.000000	32.000000	-72.000000	30.000000	15.264547	5
40	93058589	274811010	63.000000	-30.100000	32.900000	-63.000000	20.600000	20.428072	9
41	93058589	1869843373	57.000000	-28.000000	29.000000	-57.000000	16.700000	23.037832	10
42	93058589	528128394	53.000000	-29.500000	23.500000	-53.000000	23.500000	13.549245	8
43	93058589	1792880278	75.000000	-51.300000	23.700000	-75.000000	26.000000	18.975762	8
44	93058589	871184612	80.000000	-33.900000	46.100000	-80.000000	21.300000	20.551890	8
45	93058589	1903873119	68.000000	-29.200000	38.800000	-68.000000	19.900000	17.290564	6
46	93058589	1861540761	74.000000	-49.300000	24.700000	-74.000000	31.600000	17.087668	9
47	93058589	1516080988	83.000000	-27.300000	55.700000	-83.000000	14.700000	25.107874	7
48	93058589	43881376	72.000000	-34.500000	37.500000	-72.000000	23.200000	20.464780	11
49	93058589	810818853	76.000000	-78.100000	-2.100000	-76.000000	42.300000	19.110064	7
0	610304499	887406190	71.000000	-72.300000	-1.300000	-71.000000	33.800000	17.239205	8
1	610304499	368988360	50.000000	-26.800000	23.200000	-50.000000	15.600000	15.157939	8
2	610304499	125974318	68.000000	-61.300000	6.700000	-68.000000	35.700000	26.596170	9
3	610304499	1703477579	81.000000	-83.800000	-2.800000	-81.000000	40.000000	16.387625	6
4	610304499	715480279	71.000000	-60.100000	10.900000	-71.000000	29.500000	15.175864	7
5	610304499	1785734322	80.000000	-71.200000	8.800000	-80.000000	35.100000	16.994838	8
6	610304499	1681916634	78.000000	-74.300000	3.700000	-78.000000	40.300000	12.700828	6
7	610304499	1658632963	55.000000	-59.900000	-4.900000	-55.000000	37.700000	14.053479	7
8	610304499	1493253806	66.000000	-90.900000	-24.900000	-66.000000	51.700000	16.212035	6
9	610304499	954911305	65.000000	-51.300000	13.700000	-65.000000	30.500000	22.119442	9
10	610304499	983433290	61.000000	-62.000000	-1.000000	-61.000000	34.600000	14.081386	6
11	610304499	1411305878	66.000000	-82.300000	-16.300000	-66.000000	44.500000	17.727350	9
12	610304499	758840868	70.000000	-79.200000	-9.200000	-70.000000	37.200000	16.767377	6
13	610304499	282407357	58.000000	-38.400000	19.600000	-58.000000	22.900000	21.176335	12
14	610304499	536125724	81.000000	-65.800000	15.200000	-81.000000	31.000000	20.000161	7
15	610304499	384910599	81.000000	-70.200000	10.800000	-81.000000	33.200000	22.167470	8
16	610304499	258094813	77.000000	-83.700000	-6.700000	-77.000000	49.200000	14.965275	7
17	610304499	896762365	79.000000	-60.600000	18.400000	-79.000000	29.300000	24.022465	8
18	610304499	1832671705	53.000000	-58.600000	-5.600000	-53.000000	33.300000	15.876549	8
19	610304499	1434034117	67.000000	-57.500000	9.500000	-67.000000	31.900000	19.932687	8
20	610304499	581112687	79.000000	-63.800000	15.200000	-79.000000	33.100000	17.741635	7
21	610304499	1377917508	60.000000	-28.600000	31.400000	-60.000000	16.400000	21.483303	10
22	610304499	1769924068	77.000000	-73.200000	3.800000	-77.000000	34.700000	23.001728	8
23	610304499	326503479	71.000000	-67.300000	3.700000	-71.000000	36.000000	18.989353	6
24	610304499	1841333922	26.000000	-52.200000	-26.200000	-26.000000	43.800000	6.810185	6
25	610304499	312146782	73.000000	-38.400000	34.600000	-73.000000	19.200000	22.977288	12
26	610304499	326480610	72.000000	-88.200000	-16.200000	-72.000000	45.800000	25.293688	11
27	610304499	1214763270	66.000000	-52.700000	13.300000	-66.000000	27.100000	21.176930	9
28	610304499	929442204	66.000000	-61.800000	4.200000	-66.000000	27.300000	21.592083	9
29	610304499	1800034274	60.000000	-66.000000	-6.000000	-60.000000	39.100000	12.519426	6
30	610304499	1137865529	53.000000	-61.000000	-8.000000	-53.000000	39.000000	12.206498	5
31	610304499	2098739222	79.000000	-60.600000	18.400000	-79.000000	29.300000	18.240959	6
32	610304499	1251918545	75.000000	-53.600000	21.400000	-75.000000	29.900000	19.935103	12
33	610304499	120393474	65.000000	-54.500000	10.500000	-65.000000	27.200000	18.126466	7
34	610304499	877582757	51.000000	-46.600000	4.400000	-51.000000	32.400000	11.063955	6
35	610304499	106748367	70.000000	-68.400000	1.600000	-70.000000	37.100000	17.809665	5
36	610304499	878474859	73.000000	-71.100000	1.900000	-73.000000	35.800000	22.113013	8
37	610304499	243813629	81.000000	-65.800000	15.200000	-81.000000	31.000000	22.539719	7
38	610304499	2118155491	78.000000	-67.200000	10.800000	-78.000000	35.900000	25.709250	9
39	610304499	1856001031	77.000000	-72.200000	4.800000	-77.000000	39.500000	17.768559	6
40	610304499	1537186934	71.000000	-83.700000	-12.700000	-71.000000	41.300000	22.438936	8
41	610304499	1262457795	63.000000	-54.600000	8.400000	-63.000000	28.700000	21.218825	9
42	610304499	1577968232	78.000000	-70.700000	7.300000	-78.000000	40.100000	26.416388	11
43	610304499	1800693333	72.000000	-60.300000	11.700000	-72.000000	28.600000	22.667110	7
44	610304499	443105423	81.000000	-68.400000	12.600000	-81.000000	35.300000	18.840483	6
45	610304499	356740562	71.000000	-82.700000	-11.700000	-71.000000	46.400000	19.564457	8
46	610304499	2004988383	68.000000	-41.000000	27.000000	-68.000000	19.700000	19.193201	11
47	610304499	1527936814	65.000000	-54.500000	10.500000	-65.000000	35.800000	18.084812	8
48	610304499	910575909	63.000000	-47.200000	15.800000	-63.000000	23.600000	19.014252	10
49	610304499	1798112699	49.000000	-48.500000	0.500000	-49.000000	38.300000	12.412565	10
0	911206825	2994149	63.000000	-71.500000	-8.500000	-63.000000	39.000000	15.587897	5
1	911206825	2146778543	55.000000	-71.300000	-16.300000	-55.000000	47.400000	13.433283	7
2	911206825	2104505608	86.000000	-26.700000	59.300000	-86.000000	12.600000	25.730676	9
3	911206825	867617126	70.000000	-63.500000	6.500000	-70.000000	36.800000	19.958431	7
4	911206825	215708036	72.000000	-33.300000	38.700000	-72.000000	21.000000	19.151424	6
5	911206825	1842594672	86.000000	-26.700000	59.300000	-86.000000	12.600000	21.768207	7
6	911206825	1233259080	74.000000	-49.700000	24.300000	-74.000000	27.800000	20.095542	9
7	911206825	2137780640	68.000000	-40.600000	27.400000	-68.000000	26.200000	22.083067	10
8	911206825	2024166404	62.000000	-47.400000	14.600000	-62.000000	28.400000	20.172267	10
9	911206825	1122553664	78.000000	-63.100000	14.900000	-78.000000	32.600000	17.976340	6
10	911206825	269963599	43.000000	-24.500000	18.500000	-43.000000	16.900000	15.813890	10
11	911206825	1808714080	69.000000	-53.400000	15.600000	-69.000000	27.100000	14.273421	7
12	911206825	1730230397	86.000000	-43.500000	42.500000	-86.000000	21.000000	25.978304	9
13	911206825	1818057876	75.000000	-34.600000	40.400000	-75.000000	22.100000	17.254921	6
14	911206825	706632444	65.000000	-53.100000	11.900000	-65.000000	29.400000	12.448722	9
15	911206825	247954484	51.000000	-47.100000	3.900000	-51.000000	31.000000	12.731962	8
16	911206825	1718151228	85.000000	-44.500000	40.500000	-85.000000	21.500000	20.413457	8
17	911206825	851070953	84.000000	-48.200000	35.800000	-84.000000	25.700000	27.521712	11
18	911206825	1169925683	61.000000	-56.800000	4.200000	-61.000000	40.400000	22.875471	9
19	911206825	1895755252	66.000000	-48.100000	17.900000	-66.000000	28.200000	23.590386	9
20	911206825	882334123	81.000000	-32.300000	48.700000	-81.000000	16.900000	22.613193	7
21	911206825	786718542	67.000000	-65.600000	1.400000	-67.000000	39.100000	20.478044	9
22	911206825	1889810513	76.000000	-42.300000	33.700000	-76.000000	23.900000	18.420222	6
23	911206825	1282004473	86.000000	-50.300000	35.700000	-86.000000	24.400000	22.227635	7
24	911206825	232938958	64.000000	-35.700000	28.300000	-64.000000	22.100000	15.990168	10
25	911206825	2138415161	82.000000	-53.900000	28.100000	-82.000000	27.100000	20.724994	7
26	911206825	829546264	86.000000	-63.500000	22.500000	-86.000000	28.400000	28.979059	8
27	911206825	845414915	80.000000	-70.000000	10.000000	-80.000000	40.700000	21.026293	9
28	911206825	376091952	70.000000	-71.400000	-1.400000	-70.000000	38.300000	23.523187	9
29	911206825	1031913381	83.000000	-57.400000	25.600000	-83.000000	28.700000	19.160843	8
30	911206825	1313233268	86.000000	-50.300000	35.700000	-86.000000	24.400000	22.389696	7
31	911206825	1547223594	72.000000	-49.700000	22.300000	-72.000000	28.300000	18.843783	10
32	911206825	1851821463	78.000000	-47.300000	30.700000	-78.000000	28.900000	22.010586	7
33	911206825	611442976	86.000000	-58.700000	27.300000	-86.000000	28.600000	18.611700	6
34	911206825	1957849344	72.000000	-32.300000	39.700000	-72.000000	20.500000	22.470997	10
35	911206825	127236929	83.000000	-59.200000	23.800000	-83.000000	31.300000	21.156081	8
36	911206825	1321363152	78.000000	-44.000000	34.000000	-78.000000	25.100000	18.999155	7
37	911206825	1229268538	47.000000	-35.400000	11.600000	-47.000000	24.600000	17.966409	8
38	911206825	544590699	79.000000	-47.400000	31.600000	-79.000000	27.900000	20.020485	7
39	911206825	318989021	86.000000	-54.800000	31.200000	-86.000000	25.100000	21.127801	7
40	911206825	815489085	81.000000	-45.300000	35.700000	-81.000000	21.900000	22.222423	10
41	911206825	438492374	78.000000	-49.600000	28.400000	-78.000000	29.500000	20.903806	12
42	911206825	1548557047	86.000000	-50.700000	35.300000	-86.000000	24.600000	18.366474	6
43	911206825	354771412	86.000000	-50.300000	35.700000	-86.000000	24.400000	22.037354	7
44	911206825	2017848795	77.000000	-53.500000	23.500000	-77.000000	26.700000	24.642661	8
45	911206825	801855459	57.000000	-73.400000	-16.400000	-57.000000	48.700000	10.442916	6
46	911206825	1235392689	63.000000	-56.600000	6.400000	-63.000000	41.100000	17.599405	7
47	911206825	1679237208	55.000000	-37.300000	17.700000	-55.000000	23.300000	17.124447	7
48	911206825	1775760841	85.000000	-42.300000	42.700000	-85.000000	20.400000	22.093787	8
49	911206825	1058303330	71.000000	-49.400000	21.600000	-71.000000	26.500000	22.136848	10
0	101673257	1753175095	44.000000	-55.000000	-11.000000	-44.000000	44.300000	17.574535	11
1	101673257	998803998	49.000000	-44.500000	4.500000	-49.000000	33.900000	19.060677	7
2	101673257	708926341	46.000000	-39.900000	6.100000	-46.000000	30.000000	16.112310	9
3	101673257	535581229	47.000000	-58.400000	-11.400000	-47.000000	47.800000	14.792688	7
4	101673257	1018369219	35.000000	-31.300000	3.700000	-35.000000	30.500000	15.125624	7
5	101673257	856124740	49.000000	-44.700000	4.300000	-49.000000	38.600000	19.187305	8
6	101673257	1500785217	31.000000	-53.600000	-22.600000	-31.000000	49.000000	7.717715	6
7	101673257	961182717	46.000000	-40.200000	5.800000	-46.000000	29.600000	19.730127	8
8	101673257	2055897770	47.000000	-52.400000	-5.400000	-47.000000	40.400000	17.833075	8
9	101673257	1349100971	34.000000	-53.100000	-19.100000	-34.000000	38.700000	9.153638	6
10	101673257	156624666	32.000000	-53.600000	-21.600000	-32.000000	49.000000	6.459385	5
11	101673257	1234167469	48.000000	-41.300000	6.700000	-48.000000	30.700000	20.658207	6
12	101673257	2019233109	34.000000	-58.200000	-24.200000	-34.000000	41.800000	19.953100	9
13	101673257	1002704905	44.000000	-59.300000	-15.300000	-44.000000	40.000000	13.566322	7
14	101673257	913673587	33.000000	-74.200000	-41.200000	-33.000000	48.500000	14.559601	5
15	101673257	46339540	27.000000	-38.100000	-11.100000	-27.000000	38.100000	6.921984	6
16	101673257	1328475699	40.000000	-51.200000	-11.200000	-40.000000	38.200000	14.892390	5
17	101673257	821224530	40.000000	-44.700000	-4.700000	-40.000000	26.300000	18.256611	8
18	101673257	292655890	43.000000	-44.300000	-1.300000	-43.000000	30.000000	16.811173	9
19	101673257	1875548332	49.000000	-55.000000	-6.000000	-49.000000	44.400000	18.231249	6
20	101673257	909177671	49.000000	-47.200000	1.800000	-49.000000	35.200000	18.208091	8
21	101673257	1824559662	49.000000	-47.600000	1.400000	-49.000000	37.000000	16.940750	6
22	101673257	1082992461	34.000000	-40.500000	-6.500000	-34.000000	29.300000	17.238161	7
23	101673257	1729920142	49.000000	-62.700000	-13.700000	-49.000000	41.500000	16.490805	7
24	101673257	1594782476	44.000000	-52.100000	-8.100000	-44.000000	36.700000	25.039897	14
25	101673257	479397567	49.000000	-42.900000	6.100000	-49.000000	35.400000	20.642024	6
26	101673257	1786124916	46.000000	-40.300000	5.700000	-46.000000	29.700000	19.496061	7
27	101673257	1760732520	45.000000	-68.700000	-23.700000	-45.000000	48.600000	10.306588	8
28	101673257	485254995	40.000000	-57.300000	-17.300000	-40.000000	46.700000	16.010284	7
29	101673257	604264734	49.000000	-35.600000	13.400000	-49.000000	21.800000	18.386911	7
30	101673257	816344247	43.000000	-57.000000	-14.000000	-43.000000	48.400000	17.558425	8
31	101673257	1840844707	45.000000	-79.900000	-34.900000	-45.000000	55.200000	18.562079	7
32	101673257	1445769288	46.000000	-29.800000	16.200000	-46.000000	19.200000	13.840801	5
33	101673257	862707863	42.000000	-44.700000	-2.700000	-42.000000	27.900000	18.472909	6
34	101673257	1081902400	33.000000	-46.700000	-13.700000	-33.000000	35.500000	12.265109	6
35	101673257	722139293	43.000000	-43.600000	-0.600000	-43.000000	33.700000	17.295850	8
36	101673257	736133270	49.000000	-39.700000	9.300000	-49.000000	27.700000	16.072615	7
37	101673257	637317503	48.000000	-38.500000	9.500000	-48.000000	27.900000	17.311718	7
38	101673257	378344092	49.000000	-43.000000	6.000000	-49.000000	32.400000	20.393128	9
39	101673257	1798565932	27.000000	-45.500000	-18.500000	-27.000000	34.300000	13.561929	8
40	101673257	1617227657	34.000000	-61.000000	-27.000000	-34.000000	44.500000	14.178847	7
41	101673257	1841201651	47.000000	-37.800000	9.200000	-47.000000	27.200000	14.385137	6
42	101673257	2025951292	49.000000	-44.500000	4.500000	-49.000000	33.900000	19.318874	7
43	101673257	1019859647	45.000000	-34.200000	10.800000	-45.000000	23.600000	19.594690	8
44	101673257	1497806100	49.000000	-44.500000	4.500000	-49.000000	33.900000	21.498082	8
45	101673257	2001074151	49.000000	-62.600000	-13.600000	-49.000000	43.300000	15.549876	7
46	101673257	132806387	49.000000	-34.200000	14.800000	-49.000000	23.600000	29.911127	9
47	101673257	2106894584	39.000000	-50.100000	-11.100000	-39.000000	36.700000	9.041137	5
48	101673257	522849503	49.000000	-39.800000	9.200000	-49.000000	24.500000	20.074932	6
49	101673257	1722899982	38.000000	-50.500000	-12.500000	-38.000000	34.200000	15.797133	11
0	1321207685	1697130142	70.000000	-43.500000	26.500000	-70.000000	30.600000	25.277053	8
1	1321207685	186201576	68.000000	-37.800000	30.200000	-68.000000	24.900000	22.586499	9
2	1321207685	1859064769	70.000000	-43.500000	26.500000	-70.000000	34.700000	24.690107	8
3	1321207685	1197263042	66.000000	-72.300000	-6.300000	-66.000000	51.100000	17.019556	8
4	1321207685	580966077	56.000000	-52.900000	3.100000	-56.000000	39.400000	14.593507	5
5	1321207685	87829711	56.000000	-38.600000	17.400000	-56.000000	27.100000	20.073223	10
6	1321207685	2138502674	70.000000	-48.400000	21.600000	-70.000000	35.500000	18.023402	6
7	1321207685	523349672	66.000000	-46.700000	19.300000	-66.000000	34.700000	19.494601	9
8	1321207685	1158660254	65.000000	-87.000000	-22.000000	-65.000000	54.900000	18.543123	8
9	1321207685	1735837437	62.000000	-34.600000	27.400000	-62.000000	27.400000	19.650606	8
10	1321207685	1707092542	69.000000	-74.700000	-5.700000	-69.000000	49.200000	18.186939	7
11	1321207685	1113843852	59.000000	-65.700000	-6.700000	-59.000000	41.000000	22.731606	8
12	1321207685	1906004147	53.000000	-132.100000	-79.100000	-53.000000	83.400000	17.628099	9
13	1321207685	1183416341	70.000000	-38.600000	31.400000	-70.000000	27.400000	21.821760	9
14	1321207685	308305456	68.000000	-43.200000	24.800000	-68.000000	30.300000	29.450944	10
15	1321207685	1508010360	69.000000	-72.900000	-3.900000	-69.000000	45.800000	19.890905	8
16	1321207685	294725149	57.000000	-54.800000	2.200000	-57.000000	42.800000	17.907503	9
17	1321207685	754633250	47.000000	-54.500000	-7.500000	-47.000000	48.700000	15.276351	13
18	1321207685	1872721309	64.000000	-62.500000	1.500000	-64.000000	42.800000	15.731870	6
19	1321207685	2003490618	61.000000	-43.900000	17.100000	-61.000000	36.700000	20.381229	11
20	1321207685	1237627433	55.000000	-39.600000	15.400000	-55.000000	30.300000	28.321633	8
21	1321207685	993243402	55.000000	-75.700000	-20.700000	-55.000000	52.200000	13.215593	7
22	1321207685	1668742845	51.000000	-78.600000	-27.600000	-51.000000	59.300000	14.218376	6
23	1321207685	654647870	50.000000	-44.800000	5.200000	-50.000000	30.100000	15.723185	10
24	1321207685	841532223	56.000000	-96.400000	-40.400000	-56.000000	72.100000	16.477357	10
25	1321207685	1825940885	60.000000	-78.600000	-18.600000	-60.000000	57.400000	19.292809	5
26	1321207685	1370689470	70.000000	-42.900000	27.100000	-70.000000	30.000000	17.095177	6
27	1321207685	253936720	66.000000	-39.300000	26.700000	-66.000000	25.300000	20.465372	8
28	1321207685	1931015381	70.000000	-52.500000	17.500000	-70.000000	39.600000	19.821874	7
29	1321207685	1917218892	69.000000	-37.500000	31.500000	-69.000000	24.600000	23.379293	10
30	1321207685	98143250	68.000000	-39.800000	28.200000	-68.000000	28.600000	21.454046	10
31	1321207685	1630447704	59.000000	-50.500000	8.500000	-59.000000	35.300000	17.556308	7
32	1321207685	1198000530	68.000000	-51.700000	16.300000	-68.000000	38.800000	17.077370	6
33	1321207685	269438411	69.000000	-48.300000	20.700000	-69.000000	35.400000	21.880567	8
34	1321207685	1077727669	57.000000	-41.400000	15.600000	-57.000000	28.500000	13.957191	5
35	1321207685	1761261728	62.000000	-93.400000	-31.400000	-62.000000	54.000000	15.962794	7
36	1321207685	1340615737	58.000000	-40.000000	18.000000	-58.000000	27.100000	16.882264	6
37	1321207685	743190723	57.000000	-49.000000	8.000000	-57.000000	30.500000	16.974108	10
38	1321207685	1228852850	57.000000	-72.300000	-15.300000	-57.000000	56.500000	15.270474	6
39	1321207685	169351092	49.000000	-63.600000	-14.600000	-49.000000	51.400000	15.717699	5
40	1321207685	650254443	67.000000	-43.500000	23.500000	-67.000000	30.600000	17.953319	6
41	1321207685	487075385	68.000000	-43.200000	24.800000	-68.000000	30.300000	21.510220	7
42	1321207685	1768520871	56.000000	-52.800000	3.200000	-56.000000	38.800000	16.622691	10
43	1321207685	1858534803	56.000000	-47.600000	8.400000	-56.000000	40.400000	18.615983	11
44	1321207685	915418425	68.000000	-49.300000	18.700000	-68.000000	36.400000	18.516039	6
45	1321207685	1761873895	69.000000	-62.800000	6.200000	-69.000000	41.600000	16.519084	9
46	1321207685	1956759930	64.000000	-87.200000	-23.200000	-64.000000	64.200000	12.806997	5
47	1321207685	348864734	62.000000	-55.100000	6.900000	-62.000000	29.300000	17.902468	6
48	1321207685	47342785	68.000000	-43.200000	24.800000	-68.000000	30.300000	21.285355	7
49	1321207685	2130972806	67.000000	-38.100000	28.900000	-67.000000	24.600000	24.585715	11
0	513213822	590120167	52.000000	-29.500000	22.500000	-52.000000	24.900000	10.620293	7
1	513213822	1203382395	87.000000	-74.300000	12.700000	-87.000000	41.100000	22.023708	7
2	513213822	1128247943	73.000000	-48.200000	24.800000	-73.000000	28.900000	25.714524	10
3	513213822	867675868	90.000000	-61.300000	28.700000	-90.000000	28.300000	27.763293	9
4	513213822	159916098	95.000000	-62.000000	33.000000	-95.000000	26.900000	21.195555	10
5	513213822	881441110	91.000000	-66.000000	25.000000	-91.000000	34.400000	17.321520	7
6	513213822	957129063	90.000000	-56.000000	34.000000	-90.000000	28.300000	18.997065	6
7	513213822	1289763009	85.000000	-59.300000	25.700000	-85.000000	41.100000	23.247092	8
8	513213822	174589723	96.000000	-51.600000	44.400000	-96.000000	23.900000	27.525955	8
9	513213822	1396787237	94.000000	-62.100000	31.900000	-94.000000	27.600000	22.649743	7
10	513213822	155758478	90.000000	-30.300000	59.700000	-90.000000	14.400000	20.638734	6
11	513213822	783793301	96.000000	-49.900000	46.100000	-96.000000	22.200000	25.055760	7
12	513213822	1467033274	53.000000	-46.400000	6.600000	-53.000000	35.200000	12.487524	7
13	513213822	2081933273	64.000000	-77.100000	-13.100000	-64.000000	45.200000	18.871445	9
14	513213822	1307983954	98.000000	-60.500000	37.500000	-98.000000	27.600000	48.142659	8
15	513213822	1027941997	74.000000	-55.500000	18.500000	-74.000000	30.300000	26.681476	10
16	513213822	613660801	93.000000	-38.000000	55.000000	-93.000000	22.100000	24.231813	9
17	513213822	618918762	96.000000	-51.600000	44.400000	-96.000000	23.900000	18.496982	6
18	513213822	121045376	90.000000	-44.700000	45.300000	-90.000000	22.800000	19.344663	7
19	513213822	806673161	75.000000	-62.200000	12.800000	-75.000000	34.500000	13.094265	6
20	513213822	2079361630	91.000000	-41.600000	49.400000	-91.000000	18.600000	20.052862	6
21	513213822	1995376690	85.000000	-53.800000	31.200000	-85.000000	35.300000	21.449373	8
22	513213822	1106667522	95.000000	-59.900000	35.100000	-95.000000	30.400000	22.614510	8
23	513213822	1324729445	82.000000	-56.600000	25.400000	-82.000000	32.500000	18.414188	7
24	513213822	31976594	98.000000	-51.800000	46.200000	-98.000000	24.100000	26.439134	7
25	513213822	107832955	90.000000	-57.100000	32.900000	-90.000000	27.600000	26.374612	9
26	513213822	112218679	95.000000	-41.500000	53.500000	-95.000000	19.400000	31.318066	7
27	513213822	1540540232	79.000000	-50.100000	28.900000	-79.000000	26.700000	23.587737	8
28	513213822	1440696816	72.000000	-51.200000	20.800000	-72.000000	30.200000	28.965860	8
29	513213822	1936857740	64.000000	-48.000000	16.000000	-64.000000	28.300000	26.751134	11
30	513213822	1487983352	82.000000	-57.400000	24.600000	-82.000000	39.400000	25.006653	9
31	513213822	2043519097	84.000000	-54.000000	30.000000	-84.000000	27.400000	21.302511	7
32	513213822	1625974558	89.000000	-46.300000	42.700000	-89.000000	22.200000	25.069926	9
33	513213822	30559984	49.000000	-41.800000	7.200000	-49.000000	30.900000	13.253299	9
34	513213822	1556751831	98.000000	-57.900000	40.100000	-98.000000	32.800000	26.187266	8
35	513213822	1633692127	37.000000	-41.200000	-4.200000	-37.000000	30.000000	9.893843	5
36	513213822	2082818241	92.000000	-53.600000	38.400000	-92.000000	24.100000	23.907997	8
37	513213822	252552343	81.000000	-49.300000	31.700000	-81.000000	29.800000	22.941023	8
38	513213822	1092471152	92.000000	-54.400000	37.600000	-92.000000	26.100000	16.754396	8
39	513213822	82380748	99.000000	-73.200000	25.800000	-99.000000	38.100000	25.155636	8
40	513213822	1697367172	60.000000	-61.300000	-1.300000	-60.000000	41.400000	16.231743	7
41	513213822	988837011	60.000000	-50.500000	9.500000	-60.000000	32.800000	17.674278	9
42	513213822	909493089	85.000000	-49.800000	35.200000	-85.000000	24.300000	19.058850	6
43	513213822	1890107025	92.000000	-70.900000	21.100000	-92.000000	37.000000	23.499732	7
44	513213822	2008790691	30.000000	-55.100000	-25.100000	-30.000000	49.000000	10.930704	7
45	513213822	423950659	75.000000	-56.500000	18.500000	-75.000000	34.500000	21.781520	10
46	513213822	877333232	83.000000	-54.300000	28.700000	-83.000000	32.200000	16.806742	8
47	513213822	752103255	78.000000	-58.500000	19.500000	-78.000000	35.000000	22.131061	8
48	513213822	405725753	80.000000	-42.400000	37.600000	-80.000000	18.500000	19.530145	6
49	513213822	1485332542	63.000000	-36.600000	26.400000	-63.000000	23.400000	12.981989	7
0	1428660591	1918716061	80.000000	-88.900000	-8.900000	-80.000000	40.300000	15.459470	6
1	1428660591	980079897	80.000000	-65.300000	14.700000	-80.000000	28.500000	26.027489	9
2	1428660591	1774464911	67.000000	-55.100000	11.900000	-67.000000	25.600000	14.392423	7
3	1428660591	708504521	68.000000	-64.900000	3.100000	-68.000000	32.600000	17.912315	6
4	1428660591	54068659	71.000000	-47.800000	23.200000	-71.000000	21.100000	25.715243	10
5	1428660591	1559998208	78.000000	-77.900000	0.100000	-78.000000	34.800000	17.182126	5
6	1428660591	1945407189	60.000000	-50.000000	10.000000	-60.000000	24.800000	21.776888	12
7	1428660591	508236714	65.000000	-87.700000	-22.700000	-65.000000	45.000000	19.663429	8
8	1428660591	2092437608	77.000000	-62.200000	14.800000	-77.000000	29.200000	24.847004	10
9	1428660591	993436553	74.000000	-63.800000	10.200000	-74.000000	30.000000	22.928203	8
10	1428660591	1737988825	63.000000	-58.500000	4.500000	-63.000000	29.100000	23.803312	9
11	1428660591	985758230	63.000000	-71.500000	-8.500000	-63.000000	39.900000	18.762295	8
12	1428660591	579515144	75.000000	-64.000000	11.000000	-75.000000	29.800000	21.213052	7
13	1428660591	2142067991	80.000000	-63.100000	16.900000	-80.000000	27.400000	19.669539	7
14	1428660591	1638006123	71.000000	-63.200000	7.800000	-71.000000	31.600000	19.868425	7
15	1428660591	450370695	71.000000	-61.400000	9.600000	-71.000000	30.300000	20.834410	10
16	1428660591	1959796053	53.000000	-74.300000	-21.300000	-53.000000	44.000000	12.303879	8
17	1428660591	1629946670	70.000000	-71.400000	-1.400000	-70.000000	32.100000	20.619309	10
18	1428660591	463316962	79.000000	-70.000000	9.000000	-79.000000	35.000000	19.291457	9
19	1428660591	1905049798	76.000000	-65.600000	10.400000	-76.000000	31.800000	17.405307	8
20	1428660591	1485021701	59.000000	-44.800000	14.200000	-59.000000	20.800000	15.371153	8
21	1428660591	1943198239	80.000000	-71.900000	8.100000	-80.000000	31.800000	20.226564	7
22	1428660591	1806017539	80.000000	-73.500000	6.500000	-80.000000	32.600000	26.852709	9
23	1428660591	1444300634	69.000000	-64.900000	4.100000	-69.000000	32.600000	17.654819	6
24	1428660591	1088183414	79.000000	-59.500000	19.500000	-79.000000	25.600000	30.389334	11
25	1428660591	1442286076	81.000000	-81.700000	-0.700000	-81.000000	37.500000	24.103885	8
26	1428660591	689098079	80.000000	-61.500000	18.500000	-80.000000	26.600000	25.383551	8
27	1428660591	1173956415	65.000000	-66.700000	-1.700000	-65.000000	35.600000	19.276033	7
28	1428660591	243547328	73.000000	-67.500000	5.500000	-73.000000	34.700000	20.636759	6
29	1428660591	1544293764	79.000000	-72.500000	6.500000	-79.000000	32.100000	18.572524	6
30	1428660591	1947103897	70.000000	-75.700000	-5.700000	-70.000000	39.700000	17.423640	8
31	1428660591	846729569	80.000000	-73.700000	6.300000	-80.000000	32.700000	20.038255	7
32	1428660591	824933991	71.000000	-63.100000	7.900000	-71.000000	31.400000	17.666039	6
33	1428660591	281496163	64.000000	-68.100000	-4.100000	-64.000000	36.400000	15.416382	9
34	1428660591	266329826	80.000000	-74.300000	5.700000	-80.000000	33.000000	21.272568	7
35	1428660591	163429267	79.000000	-57.100000	21.900000	-79.000000	27.700000	15.130216	6
36	1428660591	1134396586	68.000000	-35.100000	32.900000	-68.000000	17.700000	19.039898	8
37	1428660591	39014235	52.000000	-50.300000	1.700000	-52.000000	28.600000	14.004420	5
38	1428660591	1164561163	68.000000	-54.400000	13.600000	-68.000000	25.300000	17.894278	6
39	1428660591	2059195237	55.000000	-58.100000	-3.100000	-55.000000	33.100000	16.850345	7
40	1428660591	1511792655	68.000000	-56.800000	11.200000	-68.000000	28.000000	18.303017	6
41	1428660591	1852914681	80.000000	-82.700000	-2.700000	-80.000000	37.200000	26.365073	9
42	1428660591	485275249	65.000000	-50.500000	14.500000	-65.000000	23.800000	17.110049	7
43	1428660591	895687258	81.000000	-69.500000	11.500000	-81.000000	33.900000	24.133568	8
44	1428660591	241580891	75.000000	-60.600000	14.400000	-75.000000	28.100000	25.893697	12
45	1428660591	1811599357	42.000000	-64.800000	-22.800000	-42.000000	38.200000	11.885237	6
46	1428660591	734210251	68.000000	-67.400000	0.600000	-68.000000	33.500000	19.897851	9
47	1428660591	526166050	63.000000	-77.300000	-14.300000	-63.000000	44.100000	17.355150	6
48	1428660591	2087645522	64.000000	-47.900000	16.100000	-64.000000	25.700000	20.254931	8
49	1428660591	818848337	80.000000	-64.300000	15.700000	-80.000000	26.800000	19.484459	7
0	663775099	1586521010	34.000000	-58.200000	-24.200000	-34.000000	51.200000	16.643677	12
1	663775099	2135882383	37.000000	-31.400000	5.600000	-37.000000	27.900000	16.542923	6
2	663775099	1922916147	38.000000	-32.400000	5.600000	-38.000000	28.900000	16.461705	6
3	663775099	119189739	38.000000	-43.800000	-5.800000	-38.000000	33.600000	25.020815	7
4	663775099	1925375377	34.000000	-83.000000	-49.000000	-34.000000	49.800000	14.538007	5
5	663775099	734551753	38.000000	-58.200000	-20.200000	-38.000000	41.200000	19.171535	7
6	663775099	1588782504	35.000000	-29.500000	5.500000	-35.000000	26.000000	14.404170	5
7	663775099	1650018737	37.000000	-30.500000	6.500000	-37.000000	27.000000	12.488647	9
8	663775099	417591940	38.000000	-34.200000	3.800000	-38.000000	30.700000	15.949401	6
9	663775099	543158642	38.000000	-42.200000	-4.200000	-38.000000	36.600000	16.268138	6
10	663775099	1568765637	38.000000	-34.400000	3.600000	-38.000000	30.900000	16.564816	6
11	663775099	37629713	35.000000	-41.000000	-6.000000	-35.000000	28.300000	15.052107	6
12	663775099	551044335	32.000000	-48.700000	-16.700000	-32.000000	43.300000	19.015887	12
13	663775099	991453843	34.000000	-31.800000	2.200000	-34.000000	28.300000	19.812062	8
14	663775099	396546455	36.000000	-33.200000	2.800000	-36.000000	33.200000	14.103270	5
15	663775099	706415430	35.000000	-64.200000	-29.200000	-35.000000	60.700000	15.613898	10
16	663775099	1648558072	35.000000	-34.200000	0.800000	-35.000000	30.700000	19.997646	9
17	663775099	116114141	38.000000	-33.000000	5.000000	-38.000000	29.500000	22.316662	8
18	663775099	1185680041	35.000000	-37.800000	-2.800000	-35.000000	32.400000	19.667553	9
19	663775099	829699769	34.000000	-45.600000	-11.600000	-34.000000	36.700000	15.901494	5
20	663775099	169718696	37.000000	-34.200000	2.800000	-37.000000	30.700000	24.388482	8
21	663775099	927291535	37.000000	-32.100000	4.900000	-37.000000	28.500000	9.962560	6
22	663775099	343573625	38.000000	-31.700000	6.300000	-38.000000	26.300000	16.145444	10
23	663775099	1413128462	32.000000	-40.300000	-8.300000	-32.000000	30.000000	17.811210	7
24	663775099	1033209958	37.000000	-65.200000	-28.200000	-37.000000	43.700000	11.034112	7
25	663775099	1349049654	24.000000	-48.100000	-24.100000	-24.000000	42.700000	10.301990	8
26	663775099	770739578	32.000000	-39.700000	-7.700000	-32.000000	34.300000	20.176334	11
27	663775099	2019664521	32.000000	-25.500000	6.500000	-32.000000	22.000000	15.225793	8
28	663775099	1990889778	38.000000	-33.000000	5.000000	-38.000000	29.500000	20.604558	7
29	663775099	369893896	31.000000	-35.300000	-4.300000	-31.000000	31.800000	11.875886	6
30	663775099	409905188	29.000000	-78.800000	-49.800000	-29.000000	73.400000	11.922139	6
31	663775099	828749125	31.000000	-29.300000	1.700000	-31.000000	29.300000	12.819462	10
32	663775099	833505158	32.000000	-58.000000	-26.000000	-32.000000	58.000000	16.324627	7
33	663775099	1560813159	32.000000	-55.800000	-23.800000	-32.000000	44.200000	17.974249	6
34	663775099	368474703	38.000000	-28.000000	10.000000	-38.000000	22.600000	17.624451	6
35	663775099	1744377529	38.000000	-47.600000	-9.600000	-38.000000	33.200000	21.093201	7
36	663775099	1767780043	38.000000	-33.600000	4.400000	-38.000000	28.200000	20.555021	7
37	663775099	883319801	38.000000	-26.900000	11.100000	-38.000000	23.400000	18.909872	8
38	663775099	344220557	37.000000	-67.000000	-30.000000	-37.000000	50.000000	16.672545	6
39	663775099	1034637343	35.000000	-45.600000	-10.600000	-35.000000	36.200000	13.495734	6
40	663775099	2046271311	38.000000	-44.600000	-6.600000	-38.000000	39.200000	15.731282	6
41	663775099	128973944	38.000000	-33.000000	5.000000	-38.000000	30.600000	16.319577	6
42	663775099	1238154579	25.000000	-38.800000	-13.800000	-25.000000	27.200000	6.653708	6
43	663775099	167815451	31.000000	-26.700000	4.300000	-31.000000	23.200000	9.628133	7
44	663775099	1380038953	34.000000	-40.500000	-6.500000	-34.000000	37.000000	18.082644	6
45	663775099	1426239160	38.000000	-39.000000	-1.000000	-38.000000	33.600000	28.321223	9
46	663775099	891929001	38.000000	-51.900000	-13.900000	-38.000000	43.200000	11.685058	5
47	663775099	672038735	38.000000	-20.000000	18.000000	-38.000000	14.600000	16.121134	6
48	663775099	1546289224	34.000000	-33.500000	0.500000	-34.000000	23.300000	15.416473	5
49	663775099	1930538034	32.000000	-26.400000	5.600000	-32.000000	22.900000	21.429884	8
0	585623259	1507626150	72.000000	-76.300000	-4.300000	-72.000000	45.700000	16.801398	7
1	585623259	1110382894	70.000000	-102.300000	-32.300000	-70.000000	59.300000	15.391812	6
2	585623259	68319190	84.000000	-70.400000	13.600000	-84.000000	33.400000	24.145673	8
3	585623259	994031341	77.000000	-92.700000	-15.700000	-77.000000	45.600000	17.821921	9
4	585623259	1218798743	78.000000	-89.300000	-11.300000	-78.000000	47.700000	13.477676	6
5	585623259	651334557	79.000000	-82.700000	-3.700000	-79.000000	39.800000	16.623924	6
6	585623259	862541544	80.000000	-89.500000	-9.500000	-80.000000	40.900000	15.199990	6
7	585623259	975925398	85.000000	-95.000000	-10.000000	-85.000000	39.500000	22.310170	10
8	585623259	380821612	97.000000	-136.500000	-39.500000	-97.000000	52.300000	25.006634	6
9	585623259	1332305876	54.000000	-65.300000	-11.300000	-54.000000	39.700000	12.334829	7
10	585623259	535444327	88.000000	-83.900000	4.100000	-88.000000	36.100000	28.071370	10
11	585623259	1118987991	76.000000	-72.600000	3.400000	-76.000000	31.200000	22.064170	8
12	585623259	110241968	84.000000	-78.700000	5.300000	-84.000000	36.000000	21.601599	8
13	585623259	1248447627	93.000000	-90.300000	2.700000	-93.000000	40.400000	24.226967	8
14	585623259	425265306	82.000000	-72.100000	9.900000	-82.000000	36.400000	23.351308	9
15	585623259	602741823	77.000000	-101.500000	-24.500000	-77.000000	50.200000	18.653685	6
16	585623259	1970817329	78.000000	-71.200000	6.800000	-78.000000	33.600000	15.300381	8
17	585623259	1170900566	91.000000	-80.300000	10.700000	-91.000000	32.400000	22.669623	7
18	585623259	915268885	93.000000	-100.500000	-7.500000	-93.000000	38.900000	18.422752	6
19	585623259	480504362	83.000000	-99.000000	-16.000000	-83.000000	38.300000	27.580976	12
20	585623259	31279756	87.000000	-89.000000	-2.000000	-87.000000	38.100000	20.134506	7
21	585623259	1805415161	76.000000	-78.900000	-2.900000	-76.000000	37.500000	24.103555	10
22	585623259	186689509	97.000000	-63.700000	33.300000	-97.000000	27.100000	25.040931	9
23	585623259	149114863	95.000000	-87.400000	7.600000	-95.000000	31.000000	24.496500	7
24	585623259	1080636354	80.000000	-100.400000	-20.400000	-80.000000	45.100000	17.393434	7
25	585623259	1363981588	81.000000	-107.800000	-26.800000	-81.000000	50.200000	18.312653	7
26	585623259	362589740	82.000000	-76.300000	5.700000	-82.000000	39.300000	19.160612	6
27	585623259	328395339	79.000000	-68.300000	10.700000	-79.000000	35.300000	17.229459	8
28	585623259	814215918	93.000000	-79.300000	13.700000	-93.000000	34.600000	25.991837	9
29	585623259	124507943	84.000000	-63.700000	20.300000	-84.000000	25.100000	18.735427	9
30	585623259	937564078	88.000000	-84.400000	3.600000	-88.000000	37.200000	21.894170	7
31	585623259	1522274898	97.000000	-77.500000	19.500000	-97.000000	28.400000	24.650599	7
32	585623259	395914984	92.000000	-83.600000	8.400000	-92.000000	40.100000	18.393087	5
33	585623259	1450647337	97.000000	-78.900000	18.100000	-97.000000	29.100000	22.613859	7
34	585623259	989424695	72.000000	-49.700000	22.300000	-72.000000	23.400000	19.450929	8
35	585623259	1036854567	90.000000	-99.000000	-9.000000	-90.000000	41.000000	21.541328	6
36	585623259	1934688317	75.000000	-96.000000	-21.000000	-75.000000	48.000000	24.707562	13
37	585623259	1740703983	97.000000	-119.800000	-22.800000	-97.000000	54.700000	27.371368	9
38	585623259	1665051029	57.000000	-59.500000	-2.500000	-57.000000	39.600000	12.216706	9
39	585623259	1237742269	86.000000	-98.000000	-12.000000	-86.000000	38.200000	23.003254	11
40	585623259	1367249588	80.000000	-74.700000	5.300000	-80.000000	39.000000	28.917497	10
41	585623259	3533425	97.000000	-77.400000	19.600000	-97.000000	31.600000	18.860569	7
42	585623259	1902688237	78.000000	-86.200000	-8.200000	-78.000000	41.700000	26.525725	8
43	585623259	1742591305	79.000000	-71.600000	7.400000	-79.000000	29.600000	17.419788	9
44	585623259	219000445	78.000000	-100.800000	-22.800000	-78.000000	45.400000	17.410120	6
45	585623259	223985186	80.000000	-91.400000	-11.400000	-80.000000	52.400000	17.504547	6
46	585623259	412239717	82.000000	-92.200000	-10.200000	-82.000000	43.300000	19.071484	6
47	585623259	398848234	68.000000	-100.500000	-32.500000	-68.000000	54.000000	12.766665	6
48	585623259	901261558	76.000000	-108.600000	-32.600000	-76.000000	55.200000	18.622965	9
49	585623259	326899469	97.000000	-98.700000	-1.700000	-97.000000	39.000000	22.093404	7
0	880267106	1944927768	53.000000	-78.400000	-25.400000	-53.000000	44.300000	16.261017	9
1	880267106	1848555833	69.000000	-78.200000	-9.200000	-69.000000	46.700000	18.571478	9
2	880267106	1610468630	87.000000	-67.300000	19.700000	-87.000000	29.600000	23.955503	8
3	880267106	716689610	54.000000	-49.700000	4.300000	-54.000000	31.700000	11.949853	8
4	880267106	2028996028	80.000000	-93.800000	-13.800000	-80.000000	45.000000	21.229649	9
5	880267106	1477622723	71.000000	-79.000000	-8.000000	-71.000000	40.000000	15.242047	5
6	880267106	1189547378	79.000000	-81.100000	-2.100000	-79.000000	39.300000	32.863940	11
7	880267106	1755972686	87.000000	-84.000000	3.000000	-87.000000	36.000000	24.907119	7
8	880267106	36370746	78.000000	-81.400000	-3.400000	-78.000000	45.800000	23.000413	9
9	880267106	673373296	57.000000	-71.200000	-14.200000	-57.000000	39.800000	12.132243	5
10	880267106	1404845171	79.000000	-66.000000	13.000000	-79.000000	35.600000	25.597388	13
11	880267106	1240462538	48.000000	-77.600000	-29.600000	-48.000000	49.200000	16.086788	6
12	880267106	1101948333	85.000000	-69.200000	15.800000	-85.000000	30.400000	22.074904	7
13	880267106	1906376661	83.000000	-87.500000	-4.500000	-83.000000	39.500000	21.877294	9
14	880267106	78532678	72.000000	-58.900000	13.100000	-72.000000	31.100000	18.947732	8
15	880267106	212344430	54.000000	-71.500000	-17.500000	-54.000000	40.100000	14.189985	6
16	880267106	1039177911	87.000000	-84.000000	3.000000	-87.000000	36.000000	20.470751	7
17	880267106	90705060	78.000000	-95.400000	-17.400000	-78.000000	46.900000	26.107407	8
18	880267106	1065859491	83.000000	-87.500000	-4.500000	-83.000000	39.500000	29.646008	10
19	880267106	191990530	86.000000	-69.600000	16.400000	-86.000000	39.900000	29.057139	8
20	880267106	963501892	79.000000	-82.600000	-3.600000	-79.000000	41.300000	20.781787	7
21	880267106	1787043140	75.000000	-82.600000	-7.600000	-75.000000	50.500000	26.578272	9
22	880267106	839194582	69.000000	-59.100000	9.900000	-69.000000	36.800000	16.900775	9
23	880267106	1892538354	60.000000	-72.100000	-12.100000	-60.000000	40.700000	17.374800	7
24	880267106	303115617	87.000000	-84.000000	3.000000	-87.000000	36.000000	24.265912	7
25	880267106	1319606513	74.000000	-94.900000	-20.900000	-74.000000	53.700000	21.100043	7
26	880267106	2094600971	60.000000	-64.000000	-4.000000	-60.000000	47.600000	13.901894	7
27	880267106	977707648	82.000000	-80.400000	1.600000	-82.000000	39.300000	18.700777	6
28	880267106	2043833590	79.000000	-103.500000	-24.500000	-79.000000	47.300000	19.508647	6
29	880267106	640824538	80.000000	-104.000000	-24.000000	-80.000000	55.500000	26.134355	8
30	880267106	345530475	78.000000	-73.300000	4.700000	-78.000000	37.700000	19.358600	6
31	880267106	1767595584	70.000000	-111.000000	-41.000000	-70.000000	58.500000	16.281519	8
32	880267106	1251439834	71.000000	-90.500000	-19.500000	-71.000000	49.700000	21.214350	7
33	880267106	354344417	86.000000	-95.000000	-9.000000	-86.000000	47.000000	25.302482	8
34	880267106	241888548	77.000000	-94.300000	-17.300000	-77.000000	45.200000	25.828236	10
35	880267106	467439993	87.000000	-84.000000	3.000000	-87.000000	36.000000	27.772752	8
36	880267106	201631994	78.000000	-79.700000	-1.700000	-78.000000	38.400000	21.503407	8
37	880267106	801999152	84.000000	-77.000000	7.000000	-84.000000	37.500000	14.892821	5
38	880267106	218050907	72.000000	-94.100000	-22.100000	-72.000000	58.400000	17.227531	6
39	880267106	1962506955	87.000000	-88.300000	-1.300000	-87.000000	40.300000	18.833281	6
40	880267106	176832697	86.000000	-83.100000	2.900000	-86.000000	41.900000	27.282871	8
41	880267106	742256152	87.000000	-84.000000	3.000000	-87.000000	36.000000	24.832153	7
42	880267106	886877084	79.000000	-112.500000	-33.500000	-79.000000	57.700000	21.605426	8
43	880267106	1139088925	75.000000	-73.300000	1.700000	-75.000000	35.900000	20.355263	7
44	880267106	463156909	76.000000	-80.300000	-4.300000	-76.000000	35.500000	18.409356	6
45	880267106	972039815	79.000000	-89.800000	-10.800000	-79.000000	40.700000	21.745910	7
46	880267106	1976730628	79.000000	-127.900000	-48.900000	-79.000000	59.000000	22.363957	7
47	880267106	748141119	87.000000	-83.800000	3.200000	-87.000000	35.800000	25.520176	8
48	880267106	1536876497	83.000000	-82.600000	0.400000	-83.000000	41.300000	22.735904	7
49	880267106	1749039458	83.000000	-93.300000	-10.300000	-83.000000	42.800000	27.026309	10
