NumRep	MapSeed	InitStratSeed	BikeProfit	TransportCosts	TotalProfit	FinalHeuristic	TotalDistance	ExecutionTime	NodesExpanded
0	410179656	464837447	66.000000	-62.300000	3.700000	-66.000000	33.500000	11.816254	8
1	410179656	1933366388	66.000000	-62.300000	3.700000	-66.000000	33.500000	12.303800	8
2	410179656	1122020305	66.000000	-62.300000	3.700000	-66.000000	33.500000	12.010495	8
3	410179656	1307441541	66.000000	-62.300000	3.700000	-66.000000	33.500000	14.955359	8
4	410179656	1530099154	66.000000	-62.300000	3.700000	-66.000000	33.500000	16.384716	8
5	410179656	814307087	66.000000	-62.300000	3.700000	-66.000000	33.500000	12.809724	8
6	410179656	2043424913	66.000000	-62.300000	3.700000	-66.000000	33.500000	12.042388	8
7	410179656	2041583866	66.000000	-62.300000	3.700000	-66.000000	33.500000	11.677576	8
8	410179656	664438857	66.000000	-62.300000	3.700000	-66.000000	33.500000	12.322402	8
9	410179656	105636584	66.000000	-62.300000	3.700000	-66.000000	33.500000	12.101873	8
10	410179656	737068349	66.000000	-62.300000	3.700000	-66.000000	33.500000	12.278540	8
11	410179656	861386398	66.000000	-62.300000	3.700000	-66.000000	33.500000	14.850896	8
12	410179656	77538035	66.000000	-62.300000	3.700000	-66.000000	33.500000	12.427663	8
13	410179656	73708492	66.000000	-62.300000	3.700000	-66.000000	33.500000	12.603603	8
14	410179656	1103369712	66.000000	-62.300000	3.700000	-66.000000	33.500000	12.389740	8
15	410179656	1681506191	66.000000	-62.300000	3.700000	-66.000000	33.500000	11.723425	8
16	410179656	1600820250	66.000000	-62.300000	3.700000	-66.000000	33.500000	11.538219	8
17	410179656	1200862873	66.000000	-62.300000	3.700000	-66.000000	33.500000	11.451711	8
18	410179656	540220891	66.000000	-62.300000	3.700000	-66.000000	33.500000	11.545893	8
19	410179656	1283226413	66.000000	-62.300000	3.700000	-66.000000	33.500000	12.828915	8
20	410179656	575005154	66.000000	-62.300000	3.700000	-66.000000	33.500000	11.619872	8
21	410179656	898221123	66.000000	-62.300000	3.700000	-66.000000	33.500000	11.011547	8
22	410179656	804254443	66.000000	-62.300000	3.700000	-66.000000	33.500000	10.685951	8
23	410179656	1413036460	66.000000	-62.300000	3.700000	-66.000000	33.500000	11.319935	8
24	410179656	71511052	66.000000	-62.300000	3.700000	-66.000000	33.500000	11.439533	8
25	410179656	1059980888	66.000000	-62.300000	3.700000	-66.000000	33.500000	11.421352	8
26	410179656	2043804732	66.000000	-62.300000	3.700000	-66.000000	33.500000	12.302625	8
27	410179656	15510453	66.000000	-62.300000	3.700000	-66.000000	33.500000	11.264120	8
28	410179656	1337586733	66.000000	-62.300000	3.700000	-66.000000	33.500000	10.647208	8
29	410179656	477397036	66.000000	-62.300000	3.700000	-66.000000	33.500000	10.696075	8
30	410179656	1262718654	66.000000	-62.300000	3.700000	-66.000000	33.500000	11.406368	8
31	410179656	996335872	66.000000	-62.300000	3.700000	-66.000000	33.500000	11.630409	8
32	410179656	741280	66.000000	-62.300000	3.700000	-66.000000	33.500000	12.466773	8
33	410179656	599966732	66.000000	-62.300000	3.700000	-66.000000	33.500000	13.028510	8
34	410179656	898626117	66.000000	-62.300000	3.700000	-66.000000	33.500000	15.105897	8
35	410179656	183234766	66.000000	-62.300000	3.700000	-66.000000	33.500000	13.659728	8
36	410179656	1354956995	66.000000	-62.300000	3.700000	-66.000000	33.500000	13.036713	8
37	410179656	1098894712	66.000000	-62.300000	3.700000	-66.000000	33.500000	12.116209	8
38	410179656	1853149124	66.000000	-62.300000	3.700000	-66.000000	33.500000	11.879968	8
39	410179656	1464223621	66.000000	-62.300000	3.700000	-66.000000	33.500000	11.869317	8
40	410179656	634025934	66.000000	-62.300000	3.700000	-66.000000	33.500000	13.135757	8
41	410179656	722207808	66.000000	-62.300000	3.700000	-66.000000	33.500000	12.128111	8
42	410179656	536610181	66.000000	-62.300000	3.700000	-66.000000	33.500000	12.800629	8
43	410179656	592158673	66.000000	-62.300000	3.700000	-66.000000	33.500000	11.896639	8
44	410179656	369278087	66.000000	-62.300000	3.700000	-66.000000	33.500000	12.263206	8
45	410179656	855533775	66.000000	-62.300000	3.700000	-66.000000	33.500000	12.099402	8
46	410179656	289596663	66.000000	-62.300000	3.700000	-66.000000	33.500000	12.095135	8
47	410179656	118333466	66.000000	-62.300000	3.700000	-66.000000	33.500000	11.706194	8
48	410179656	1463435055	66.000000	-62.300000	3.700000	-66.000000	33.500000	11.918434	8
49	410179656	589555245	66.000000	-62.300000	3.700000	-66.000000	33.500000	12.055743	8
0	1579791630	670228474	59.000000	-41.000000	18.000000	-59.000000	23.800000	15.008785	7
1	1579791630	1322437860	59.000000	-41.000000	18.000000	-59.000000	23.800000	12.612719	7
2	1579791630	1583844535	59.000000	-41.000000	18.000000	-59.000000	23.800000	12.350033	7
3	1579791630	1155290318	59.000000	-41.000000	18.000000	-59.000000	23.800000	12.765254	7
4	1579791630	181876497	59.000000	-41.000000	18.000000	-59.000000	23.800000	13.250084	7
5	1579791630	1572206128	59.000000	-41.000000	18.000000	-59.000000	23.800000	12.796347	7
6	1579791630	318112735	59.000000	-41.000000	18.000000	-59.000000	23.800000	14.092755	7
7	1579791630	425302050	59.000000	-41.000000	18.000000	-59.000000	23.800000	15.117626	7
8	1579791630	1620640984	59.000000	-41.000000	18.000000	-59.000000	23.800000	12.241208	7
9	1579791630	759491416	59.000000	-41.000000	18.000000	-59.000000	23.800000	13.277096	7
10	1579791630	1704811636	59.000000	-41.000000	18.000000	-59.000000	23.800000	12.689851	7
11	1579791630	358525700	59.000000	-41.000000	18.000000	-59.000000	23.800000	12.575105	7
12	1579791630	1413405521	59.000000	-41.000000	18.000000	-59.000000	23.800000	12.546704	7
13	1579791630	1031027966	59.000000	-41.000000	18.000000	-59.000000	23.800000	12.451255	7
14	1579791630	2106935051	59.000000	-41.000000	18.000000	-59.000000	23.800000	13.697320	7
15	1579791630	1326704482	59.000000	-41.000000	18.000000	-59.000000	23.800000	16.006985	7
16	1579791630	335024072	59.000000	-41.000000	18.000000	-59.000000	23.800000	12.832326	7
17	1579791630	894532053	59.000000	-41.000000	18.000000	-59.000000	23.800000	12.888240	7
18	1579791630	1325064670	59.000000	-41.000000	18.000000	-59.000000	23.800000	12.680711	7
19	1579791630	482795662	59.000000	-41.000000	18.000000	-59.000000	23.800000	12.323873	7
20	1579791630	926030386	59.000000	-41.000000	18.000000	-59.000000	23.800000	12.278149	7
21	1579791630	1333771963	59.000000	-41.000000	18.000000	-59.000000	23.800000	12.696005	7
22	1579791630	1872022543	59.000000	-41.000000	18.000000	-59.000000	23.800000	16.411919	7
23	1579791630	974571361	59.000000	-41.000000	18.000000	-59.000000	23.800000	14.072408	7
24	1579791630	834837581	59.000000	-41.000000	18.000000	-59.000000	23.800000	15.443111	7
25	1579791630	1925001319	59.000000	-41.000000	18.000000	-59.000000	23.800000	14.051708	7
26	1579791630	1414422954	59.000000	-41.000000	18.000000	-59.000000	23.800000	14.775143	7
27	1579791630	131086551	59.000000	-41.000000	18.000000	-59.000000	23.800000	14.505186	7
28	1579791630	320016556	59.000000	-41.000000	18.000000	-59.000000	23.800000	14.474048	7
29	1579791630	128343314	59.000000	-41.000000	18.000000	-59.000000	23.800000	13.298592	7
30	1579791630	405216786	59.000000	-41.000000	18.000000	-59.000000	23.800000	16.783734	7
31	1579791630	905802318	59.000000	-41.000000	18.000000	-59.000000	23.800000	12.943322	7
32	1579791630	1624973941	59.000000	-41.000000	18.000000	-59.000000	23.800000	13.253282	7
33	1579791630	780960949	59.000000	-41.000000	18.000000	-59.000000	23.800000	13.992788	7
34	1579791630	1743988661	59.000000	-41.000000	18.000000	-59.000000	23.800000	13.178473	7
35	1579791630	860876639	59.000000	-41.000000	18.000000	-59.000000	23.800000	12.731725	7
36	1579791630	1637264389	59.000000	-41.000000	18.000000	-59.000000	23.800000	12.710315	7
37	1579791630	500419420	59.000000	-41.000000	18.000000	-59.000000	23.800000	15.091185	7
38	1579791630	1558840044	59.000000	-41.000000	18.000000	-59.000000	23.800000	12.367981	7
39	1579791630	480800344	59.000000	-41.000000	18.000000	-59.000000	23.800000	13.199957	7
40	1579791630	595877609	59.000000	-41.000000	18.000000	-59.000000	23.800000	12.971216	7
41	1579791630	720261516	59.000000	-41.000000	18.000000	-59.000000	23.800000	13.041746	7
42	1579791630	1923116526	59.000000	-41.000000	18.000000	-59.000000	23.800000	12.496629	7
43	1579791630	455237222	59.000000	-41.000000	18.000000	-59.000000	23.800000	12.674863	7
44	1579791630	2040140401	59.000000	-41.000000	18.000000	-59.000000	23.800000	12.695028	7
45	1579791630	1302935158	59.000000	-41.000000	18.000000	-59.000000	23.800000	15.883709	7
46	1579791630	1537893142	59.000000	-41.000000	18.000000	-59.000000	23.800000	13.151101	7
47	1579791630	648524959	59.000000	-41.000000	18.000000	-59.000000	23.800000	14.248234	7
48	1579791630	142326569	59.000000	-41.000000	18.000000	-59.000000	23.800000	12.729381	7
49	1579791630	1327529985	59.000000	-41.000000	18.000000	-59.000000	23.800000	12.227555	7
0	133477094	1536462805	69.000000	-73.500000	-4.500000	-69.000000	36.100000	18.831730	9
1	133477094	1979408901	69.000000	-73.500000	-4.500000	-69.000000	36.100000	18.369500	9
2	133477094	985375706	69.000000	-73.500000	-4.500000	-69.000000	36.100000	20.120409	9
3	133477094	238451532	69.000000	-73.500000	-4.500000	-69.000000	36.100000	18.896192	9
4	133477094	531510550	69.000000	-73.500000	-4.500000	-69.000000	36.100000	18.664398	9
5	133477094	2084686754	69.000000	-73.500000	-4.500000	-69.000000	36.100000	18.220489	9
6	133477094	1894260795	69.000000	-73.500000	-4.500000	-69.000000	36.100000	19.327566	9
7	133477094	604243819	69.000000	-73.500000	-4.500000	-69.000000	36.100000	18.612685	9
8	133477094	1116010983	69.000000	-73.500000	-4.500000	-69.000000	36.100000	18.780523	9
9	133477094	1391453807	69.000000	-73.500000	-4.500000	-69.000000	36.100000	18.327389	9
10	133477094	1517069071	69.000000	-73.500000	-4.500000	-69.000000	36.100000	18.325166	9
11	133477094	903551817	69.000000	-73.500000	-4.500000	-69.000000	36.100000	17.473000	9
12	133477094	585518319	69.000000	-73.500000	-4.500000	-69.000000	36.100000	19.338632	9
13	133477094	1932874435	69.000000	-73.500000	-4.500000	-69.000000	36.100000	19.141752	9
14	133477094	82134962	69.000000	-73.500000	-4.500000	-69.000000	36.100000	18.086039	9
15	133477094	777201379	69.000000	-73.500000	-4.500000	-69.000000	36.100000	18.512889	9
16	133477094	520000244	69.000000	-73.500000	-4.500000	-69.000000	36.100000	24.375496	9
17	133477094	2140507473	69.000000	-73.500000	-4.500000	-69.000000	36.100000	24.258127	9
18	133477094	1135332760	69.000000	-73.500000	-4.500000	-69.000000	36.100000	19.211564	9
19	133477094	1291119931	69.000000	-73.500000	-4.500000	-69.000000	36.100000	17.527473	9
20	133477094	1626324003	69.000000	-73.500000	-4.500000	-69.000000	36.100000	17.394182	9
21	133477094	125805996	69.000000	-73.500000	-4.500000	-69.000000	36.100000	17.416627	9
22	133477094	238698891	69.000000	-73.500000	-4.500000	-69.000000	36.100000	17.827439	9
23	133477094	793669317	69.000000	-73.500000	-4.500000	-69.000000	36.100000	17.419511	9
24	133477094	388842099	69.000000	-73.500000	-4.500000	-69.000000	36.100000	17.394784	9
25	133477094	887987869	69.000000	-73.500000	-4.500000	-69.000000	36.100000	18.868809	9
26	133477094	675385168	69.000000	-73.500000	-4.500000	-69.000000	36.100000	17.614735	9
27	133477094	467729828	69.000000	-73.500000	-4.500000	-69.000000	36.100000	18.758995	9
28	133477094	887262580	69.000000	-73.500000	-4.500000	-69.000000	36.100000	18.403349	9
29	133477094	777548821	69.000000	-73.500000	-4.500000	-69.000000	36.100000	18.200582	9
30	133477094	252246520	69.000000	-73.500000	-4.500000	-69.000000	36.100000	19.191950	9
31	133477094	285636618	69.000000	-73.500000	-4.500000	-69.000000	36.100000	19.676599	9
32	133477094	977846329	69.000000	-73.500000	-4.500000	-69.000000	36.100000	18.029236	9
33	133477094	334351145	69.000000	-73.500000	-4.500000	-69.000000	36.100000	18.468072	9
34	133477094	625704425	69.000000	-73.500000	-4.500000	-69.000000	36.100000	17.991229	9
35	133477094	1619700761	69.000000	-73.500000	-4.500000	-69.000000	36.100000	18.172297	9
36	133477094	1014034140	69.000000	-73.500000	-4.500000	-69.000000	36.100000	17.989826	9
37	133477094	261376419	69.000000	-73.500000	-4.500000	-69.000000	36.100000	20.315672	9
38	133477094	677911090	69.000000	-73.500000	-4.500000	-69.000000	36.100000	17.357315	9
39	133477094	458613312	69.000000	-73.500000	-4.500000	-69.000000	36.100000	16.981276	9
40	133477094	1873263445	69.000000	-73.500000	-4.500000	-69.000000	36.100000	17.202005	9
41	133477094	1944818845	69.000000	-73.500000	-4.500000	-69.000000	36.100000	17.011272	9
42	133477094	525992152	69.000000	-73.500000	-4.500000	-69.000000	36.100000	17.174934	9
43	133477094	1059426786	69.000000	-73.500000	-4.500000	-69.000000	36.100000	17.092131	9
44	133477094	1463245499	69.000000	-73.500000	-4.500000	-69.000000	36.100000	18.403336	9
45	133477094	1595209659	69.000000	-73.500000	-4.500000	-69.000000	36.100000	20.755990	9
46	133477094	764260721	69.000000	-73.500000	-4.500000	-69.000000	36.100000	19.149778	9
47	133477094	2062564248	69.000000	-73.500000	-4.500000	-69.000000	36.100000	19.224184	9
48	133477094	1894580874	69.000000	-73.500000	-4.500000	-69.000000	36.100000	18.291697	9
49	133477094	1118942427	69.000000	-73.500000	-4.500000	-69.000000	36.100000	18.064913	9
0	835693683	641073216	80.000000	-60.700000	19.300000	-80.000000	31.900000	22.183441	9
1	835693683	542126690	80.000000	-60.700000	19.300000	-80.000000	31.900000	21.830192	9
2	835693683	169820068	80.000000	-60.700000	19.300000	-80.000000	31.900000	22.213689	9
3	835693683	1733361807	80.000000	-60.700000	19.300000	-80.000000	31.900000	23.353882	9
4	835693683	1379742009	80.000000	-60.700000	19.300000	-80.000000	31.900000	22.133519	9
5	835693683	420974273	80.000000	-60.700000	19.300000	-80.000000	31.900000	22.792873	9
6	835693683	1223591493	80.000000	-60.700000	19.300000	-80.000000	31.900000	21.855626	9
7	835693683	2007309586	80.000000	-60.700000	19.300000	-80.000000	31.900000	22.998855	9
8	835693683	959871787	80.000000	-60.700000	19.300000	-80.000000	31.900000	24.229980	9
9	835693683	98518438	80.000000	-60.700000	19.300000	-80.000000	31.900000	22.691143	9
10	835693683	1571143731	80.000000	-60.700000	19.300000	-80.000000	31.900000	22.243397	9
11	835693683	569675873	80.000000	-60.700000	19.300000	-80.000000	31.900000	21.822952	9
12	835693683	723283275	80.000000	-60.700000	19.300000	-80.000000	31.900000	22.293208	9
13	835693683	1110483577	80.000000	-60.700000	19.300000	-80.000000	31.900000	21.014636	9
14	835693683	1936133015	80.000000	-60.700000	19.300000	-80.000000	31.900000	21.647659	9
15	835693683	91890122	80.000000	-60.700000	19.300000	-80.000000	31.900000	19.599901	9
16	835693683	361716450	80.000000	-60.700000	19.300000	-80.000000	31.900000	19.538233	9
17	835693683	1677462056	80.000000	-60.700000	19.300000	-80.000000	31.900000	19.483823	9
18	835693683	1851401057	80.000000	-60.700000	19.300000	-80.000000	31.900000	20.436099	9
19	835693683	815647471	80.000000	-60.700000	19.300000	-80.000000	31.900000	32.007738	9
20	835693683	494270082	80.000000	-60.700000	19.300000	-80.000000	31.900000	21.005838	9
21	835693683	1015621692	80.000000	-60.700000	19.300000	-80.000000	31.900000	21.546211	9
22	835693683	670265062	80.000000	-60.700000	19.300000	-80.000000	31.900000	22.421666	9
23	835693683	1488091653	80.000000	-60.700000	19.300000	-80.000000	31.900000	21.920645	9
24	835693683	1566446982	80.000000	-60.700000	19.300000	-80.000000	31.900000	25.522032	9
25	835693683	1841791836	80.000000	-60.700000	19.300000	-80.000000	31.900000	21.545869	9
26	835693683	1255520341	80.000000	-60.700000	19.300000	-80.000000	31.900000	21.634231	9
27	835693683	313703004	80.000000	-60.700000	19.300000	-80.000000	31.900000	21.471288	9
28	835693683	24812300	80.000000	-60.700000	19.300000	-80.000000	31.900000	21.739704	9
29	835693683	144997341	80.000000	-60.700000	19.300000	-80.000000	31.900000	24.367372	9
30	835693683	402361498	80.000000	-60.700000	19.300000	-80.000000	31.900000	21.868862	9
31	835693683	116475359	80.000000	-60.700000	19.300000	-80.000000	31.900000	22.238772	9
32	835693683	1488685981	80.000000	-60.700000	19.300000	-80.000000	31.900000	22.167903	9
33	835693683	950775771	80.000000	-60.700000	19.300000	-80.000000	31.900000	21.562526	9
34	835693683	125125227	80.000000	-60.700000	19.300000	-80.000000	31.900000	21.763406	9
35	835693683	55737924	80.000000	-60.700000	19.300000	-80.000000	31.900000	23.727392	9
36	835693683	85804973	80.000000	-60.700000	19.300000	-80.000000	31.900000	21.388914	9
37	835693683	1691797750	80.000000	-60.700000	19.300000	-80.000000	31.900000	21.899477	9
38	835693683	1403562354	80.000000	-60.700000	19.300000	-80.000000	31.900000	21.406308	9
39	835693683	1296289471	80.000000	-60.700000	19.300000	-80.000000	31.900000	22.496035	9
40	835693683	1005318153	80.000000	-60.700000	19.300000	-80.000000	31.900000	29.059767	9
41	835693683	1695658462	80.000000	-60.700000	19.300000	-80.000000	31.900000	21.760527	9
42	835693683	245326279	80.000000	-60.700000	19.300000	-80.000000	31.900000	22.941608	9
43	835693683	642118765	80.000000	-60.700000	19.300000	-80.000000	31.900000	21.933746	9
44	835693683	22540301	80.000000	-60.700000	19.300000	-80.000000	31.900000	21.061660	9
45	835693683	2006463151	80.000000	-60.700000	19.300000	-80.000000	31.900000	24.369655	9
46	835693683	1703992010	80.000000	-60.700000	19.300000	-80.000000	31.900000	21.441710	9
47	835693683	461320283	80.000000	-60.700000	19.300000	-80.000000	31.900000	22.564300	9
48	835693683	2035855668	80.000000	-60.700000	19.300000	-80.000000	31.900000	21.714594	9
49	835693683	15857528	80.000000	-60.700000	19.300000	-80.000000	31.900000	21.630112	9
0	197925380	1566926998	71.000000	-33.600000	37.400000	-71.000000	20.000000	16.633108	9
1	197925380	272317514	71.000000	-33.600000	37.400000	-71.000000	20.000000	15.446385	9
2	197925380	1693240643	71.000000	-33.600000	37.400000	-71.000000	20.000000	17.172170	9
3	197925380	1830686857	71.000000	-33.600000	37.400000	-71.000000	20.000000	15.552724	9
4	197925380	1011266451	71.000000	-33.600000	37.400000	-71.000000	20.000000	15.231295	9
5	197925380	518048053	71.000000	-33.600000	37.400000	-71.000000	20.000000	15.584560	9
6	197925380	401667105	71.000000	-33.600000	37.400000	-71.000000	20.000000	16.417700	9
7	197925380	285603955	71.000000	-33.600000	37.400000	-71.000000	20.000000	15.745529	9
8	197925380	1102241525	71.000000	-33.600000	37.400000	-71.000000	20.000000	15.574675	9
9	197925380	435510618	71.000000	-33.600000	37.400000	-71.000000	20.000000	17.148734	9
10	197925380	730965855	71.000000	-33.600000	37.400000	-71.000000	20.000000	15.257474	9
11	197925380	1127818792	71.000000	-33.600000	37.400000	-71.000000	20.000000	15.653332	9
12	197925380	1095032404	71.000000	-33.600000	37.400000	-71.000000	20.000000	15.843963	9
13	197925380	1355352370	71.000000	-33.600000	37.400000	-71.000000	20.000000	15.742596	9
14	197925380	481965241	71.000000	-33.600000	37.400000	-71.000000	20.000000	15.713619	9
15	197925380	1583742239	71.000000	-33.600000	37.400000	-71.000000	20.000000	15.801175	9
16	197925380	699489715	71.000000	-33.600000	37.400000	-71.000000	20.000000	18.494169	9
17	197925380	455868025	71.000000	-33.600000	37.400000	-71.000000	20.000000	16.174549	9
18	197925380	1173130870	71.000000	-33.600000	37.400000	-71.000000	20.000000	15.928505	9
19	197925380	1210836526	71.000000	-33.600000	37.400000	-71.000000	20.000000	15.811595	9
20	197925380	1820308074	71.000000	-33.600000	37.400000	-71.000000	20.000000	15.827232	9
21	197925380	364249806	71.000000	-33.600000	37.400000	-71.000000	20.000000	15.758891	9
22	197925380	454037451	71.000000	-33.600000	37.400000	-71.000000	20.000000	15.764613	9
23	197925380	77510317	71.000000	-33.600000	37.400000	-71.000000	20.000000	17.692044	9
24	197925380	1492628788	71.000000	-33.600000	37.400000	-71.000000	20.000000	15.889432	9
25	197925380	802229056	71.000000	-33.600000	37.400000	-71.000000	20.000000	15.812758	9
26	197925380	232499921	71.000000	-33.600000	37.400000	-71.000000	20.000000	16.154325	9
27	197925380	60276777	71.000000	-33.600000	37.400000	-71.000000	20.000000	15.702043	9
28	197925380	888767063	71.000000	-33.600000	37.400000	-71.000000	20.000000	15.634071	9
29	197925380	1103364113	71.000000	-33.600000	37.400000	-71.000000	20.000000	16.547616	9
30	197925380	1004567798	71.000000	-33.600000	37.400000	-71.000000	20.000000	18.489287	9
31	197925380	1692501906	71.000000	-33.600000	37.400000	-71.000000	20.000000	15.836944	9
32	197925380	538190787	71.000000	-33.600000	37.400000	-71.000000	20.000000	15.965688	9
33	197925380	194684520	71.000000	-33.600000	37.400000	-71.000000	20.000000	15.924330	9
34	197925380	1121569929	71.000000	-33.600000	37.400000	-71.000000	20.000000	15.447973	9
35	197925380	619390018	71.000000	-33.600000	37.400000	-71.000000	20.000000	15.168848	9
36	197925380	584065584	71.000000	-33.600000	37.400000	-71.000000	20.000000	15.023741	9
37	197925380	1550300543	71.000000	-33.600000	37.400000	-71.000000	20.000000	17.000777	9
38	197925380	663187086	71.000000	-33.600000	37.400000	-71.000000	20.000000	14.856268	9
39	197925380	1280329591	71.000000	-33.600000	37.400000	-71.000000	20.000000	14.137033	9
40	197925380	901971342	71.000000	-33.600000	37.400000	-71.000000	20.000000	13.950643	9
41	197925380	872288360	71.000000	-33.600000	37.400000	-71.000000	20.000000	13.880804	9
42	197925380	519541523	71.000000	-33.600000	37.400000	-71.000000	20.000000	14.036638	9
43	197925380	1495460681	71.000000	-33.600000	37.400000	-71.000000	20.000000	13.894462	9
44	197925380	161517415	71.000000	-33.600000	37.400000	-71.000000	20.000000	15.800093	9
45	197925380	2011048534	71.000000	-33.600000	37.400000	-71.000000	20.000000	14.268723	9
46	197925380	1103428379	71.000000	-33.600000	37.400000	-71.000000	20.000000	16.631627	9
47	197925380	696494701	71.000000	-33.600000	37.400000	-71.000000	20.000000	15.907042	9
48	197925380	1797215169	71.000000	-33.600000	37.400000	-71.000000	20.000000	17.000648	9
49	197925380	1320456455	71.000000	-33.600000	37.400000	-71.000000	20.000000	16.031042	9
0	1068145833	365765614	49.000000	-62.600000	-13.600000	-49.000000	35.500000	13.896240	9
1	1068145833	525433010	49.000000	-62.600000	-13.600000	-49.000000	35.500000	13.656746	9
2	1068145833	1067883156	49.000000	-62.600000	-13.600000	-49.000000	35.500000	13.919235	9
3	1068145833	442990373	49.000000	-62.600000	-13.600000	-49.000000	35.500000	16.046515	9
4	1068145833	1495423186	49.000000	-62.600000	-13.600000	-49.000000	35.500000	14.803985	9
5	1068145833	925260667	49.000000	-62.600000	-13.600000	-49.000000	35.500000	13.823350	9
6	1068145833	1627882878	49.000000	-62.600000	-13.600000	-49.000000	35.500000	13.807943	9
7	1068145833	458297629	49.000000	-62.600000	-13.600000	-49.000000	35.500000	13.817062	9
8	1068145833	1491935027	49.000000	-62.600000	-13.600000	-49.000000	35.500000	14.035720	9
9	1068145833	1939003313	49.000000	-62.600000	-13.600000	-49.000000	35.500000	14.569756	9
10	1068145833	1129055837	49.000000	-62.600000	-13.600000	-49.000000	35.500000	15.947536	9
11	1068145833	889907798	49.000000	-62.600000	-13.600000	-49.000000	35.500000	16.101984	9
12	1068145833	2041528266	49.000000	-62.600000	-13.600000	-49.000000	35.500000	13.704320	9
13	1068145833	1836306501	49.000000	-62.600000	-13.600000	-49.000000	35.500000	13.735098	9
14	1068145833	795433617	49.000000	-62.600000	-13.600000	-49.000000	35.500000	13.910464	9
15	1068145833	88086842	49.000000	-62.600000	-13.600000	-49.000000	35.500000	13.703554	9
16	1068145833	612008407	49.000000	-62.600000	-13.600000	-49.000000	35.500000	13.630978	9
17	1068145833	1751918459	49.000000	-62.600000	-13.600000	-49.000000	35.500000	13.776493	9
18	1068145833	658597210	49.000000	-62.600000	-13.600000	-49.000000	35.500000	13.622292	9
19	1068145833	1759789580	49.000000	-62.600000	-13.600000	-49.000000	35.500000	13.557281	9
20	1068145833	1523172090	49.000000	-62.600000	-13.600000	-49.000000	35.500000	16.159991	9
21	1068145833	702007205	49.000000	-62.600000	-13.600000	-49.000000	35.500000	14.153691	9
22	1068145833	95287970	49.000000	-62.600000	-13.600000	-49.000000	35.500000	14.391254	9
23	1068145833	1237712300	49.000000	-62.600000	-13.600000	-49.000000	35.500000	14.290963	9
24	1068145833	925742731	49.000000	-62.600000	-13.600000	-49.000000	35.500000	14.119561	9
25	1068145833	924751105	49.000000	-62.600000	-13.600000	-49.000000	35.500000	13.697313	9
26	1068145833	1139954380	49.000000	-62.600000	-13.600000	-49.000000	35.500000	13.368633	9
27	1068145833	1083678206	49.000000	-62.600000	-13.600000	-49.000000	35.500000	13.270170	9
28	1068145833	848972931	49.000000	-62.600000	-13.600000	-49.000000	35.500000	14.487094	9
29	1068145833	8144476	49.000000	-62.600000	-13.600000	-49.000000	35.500000	13.416728	9
30	1068145833	1278190933	49.000000	-62.600000	-13.600000	-49.000000	35.500000	13.459978	9
31	1068145833	752048871	49.000000	-62.600000	-13.600000	-49.000000	35.500000	13.305461	9
32	1068145833	1388429574	49.000000	-62.600000	-13.600000	-49.000000	35.500000	12.778487	9
33	1068145833	720512676	49.000000	-62.600000	-13.600000	-49.000000	35.500000	13.166356	9
34	1068145833	924445886	49.000000	-62.600000	-13.600000	-49.000000	35.500000	12.601925	9
35	1068145833	1266673894	49.000000	-62.600000	-13.600000	-49.000000	35.500000	12.336319	9
36	1068145833	646599537	49.000000	-62.600000	-13.600000	-49.000000	35.500000	14.249424	9
37	1068145833	1840758352	49.000000	-62.600000	-13.600000	-49.000000	35.500000	13.639852	9
38	1068145833	2110378230	49.000000	-62.600000	-13.600000	-49.000000	35.500000	14.372077	9
39	1068145833	293237934	49.000000	-62.600000	-13.600000	-49.000000	35.500000	14.751853	9
40	1068145833	709600669	49.000000	-62.600000	-13.600000	-49.000000	35.500000	17.175117	9
41	1068145833	1293902961	49.000000	-62.600000	-13.600000	-49.000000	35.500000	14.723312	9
42	1068145833	120109954	49.000000	-62.600000	-13.600000	-49.000000	35.500000	14.597566	9
43	1068145833	495651280	49.000000	-62.600000	-13.600000	-49.000000	35.500000	14.495660	9
44	1068145833	1444987681	49.000000	-62.600000	-13.600000	-49.000000	35.500000	15.979353	9
45	1068145833	1719908271	49.000000	-62.600000	-13.600000	-49.000000	35.500000	14.213697	9
46	1068145833	185864791	49.000000	-62.600000	-13.600000	-49.000000	35.500000	14.243506	9
47	1068145833	2049466026	49.000000	-62.600000	-13.600000	-49.000000	35.500000	14.565573	9
48	1068145833	893112575	49.000000	-62.600000	-13.600000	-49.000000	35.500000	14.855190	9
49	1068145833	2121465910	49.000000	-62.600000	-13.600000	-49.000000	35.500000	14.541757	9
0	1950082913	350218410	17.000000	-27.300000	-10.300000	-17.000000	29.600000	6.068699	6
1	1950082913	1569035027	17.000000	-27.300000	-10.300000	-17.000000	29.600000	5.402036	6
2	1950082913	565453766	17.000000	-27.300000	-10.300000	-17.000000	29.600000	5.369433	6
3	1950082913	185037632	17.000000	-27.300000	-10.300000	-17.000000	29.600000	7.900352	6
4	1950082913	949157570	17.000000	-27.300000	-10.300000	-17.000000	29.600000	5.457092	6
5	1950082913	1134330129	17.000000	-27.300000	-10.300000	-17.000000	29.600000	6.483941	6
6	1950082913	1272376273	17.000000	-27.300000	-10.300000	-17.000000	29.600000	5.498855	6
7	1950082913	1760727965	17.000000	-27.300000	-10.300000	-17.000000	29.600000	5.496928	6
8	1950082913	1468915137	17.000000	-27.300000	-10.300000	-17.000000	29.600000	6.358628	6
9	1950082913	46052396	17.000000	-27.300000	-10.300000	-17.000000	29.600000	5.541965	6
10	1950082913	1584109360	17.000000	-27.300000	-10.300000	-17.000000	29.600000	6.697752	6
11	1950082913	518964673	17.000000	-27.300000	-10.300000	-17.000000	29.600000	5.565672	6
12	1950082913	1852589108	17.000000	-27.300000	-10.300000	-17.000000	29.600000	5.403186	6
13	1950082913	404647838	17.000000	-27.300000	-10.300000	-17.000000	29.600000	6.264311	6
14	1950082913	1941731714	17.000000	-27.300000	-10.300000	-17.000000	29.600000	5.446023	6
15	1950082913	1216018328	17.000000	-27.300000	-10.300000	-17.000000	29.600000	6.177040	6
16	1950082913	1450398943	17.000000	-27.300000	-10.300000	-17.000000	29.600000	5.546079	6
17	1950082913	2115130846	17.000000	-27.300000	-10.300000	-17.000000	29.600000	5.470886	6
18	1950082913	1501369492	17.000000	-27.300000	-10.300000	-17.000000	29.600000	6.888539	6
19	1950082913	751069438	17.000000	-27.300000	-10.300000	-17.000000	29.600000	5.429175	6
20	1950082913	308290682	17.000000	-27.300000	-10.300000	-17.000000	29.600000	5.456275	6
21	1950082913	911333646	17.000000	-27.300000	-10.300000	-17.000000	29.600000	6.189678	6
22	1950082913	1475098756	17.000000	-27.300000	-10.300000	-17.000000	29.600000	6.647321	6
23	1950082913	955436942	17.000000	-27.300000	-10.300000	-17.000000	29.600000	6.107268	6
24	1950082913	688041449	17.000000	-27.300000	-10.300000	-17.000000	29.600000	5.544447	6
25	1950082913	2031636856	17.000000	-27.300000	-10.300000	-17.000000	29.600000	5.381255	6
26	1950082913	505482941	17.000000	-27.300000	-10.300000	-17.000000	29.600000	6.228358	6
27	1950082913	1713218071	17.000000	-27.300000	-10.300000	-17.000000	29.600000	5.487650	6
28	1950082913	1137324134	17.000000	-27.300000	-10.300000	-17.000000	29.600000	5.667213	6
29	1950082913	811318421	17.000000	-27.300000	-10.300000	-17.000000	29.600000	5.816813	6
30	1950082913	653789539	17.000000	-27.300000	-10.300000	-17.000000	29.600000	5.478725	6
31	1950082913	1474792180	17.000000	-27.300000	-10.300000	-17.000000	29.600000	5.843440	6
32	1950082913	117961816	17.000000	-27.300000	-10.300000	-17.000000	29.600000	5.721469	6
33	1950082913	1055139135	17.000000	-27.300000	-10.300000	-17.000000	29.600000	5.572779	6
34	1950082913	62176850	17.000000	-27.300000	-10.300000	-17.000000	29.600000	5.808042	6
35	1950082913	1130169443	17.000000	-27.300000	-10.300000	-17.000000	29.600000	5.392228	6
36	1950082913	760051821	17.000000	-27.300000	-10.300000	-17.000000	29.600000	5.598019	6
37	1950082913	1605415355	17.000000	-27.300000	-10.300000	-17.000000	29.600000	5.377919	6
38	1950082913	655206087	17.000000	-27.300000	-10.300000	-17.000000	29.600000	5.344872	6
39	1950082913	609426277	17.000000	-27.300000	-10.300000	-17.000000	29.600000	5.301319	6
40	1950082913	1458243407	17.000000	-27.300000	-10.300000	-17.000000	29.600000	5.322469	6
41	1950082913	716659743	17.000000	-27.300000	-10.300000	-17.000000	29.600000	5.345726	6
42	1950082913	217500074	17.000000	-27.300000	-10.300000	-17.000000	29.600000	6.157443	6
43	1950082913	1914919583	17.000000	-27.300000	-10.300000	-17.000000	29.600000	5.357738	6
44	1950082913	976467009	17.000000	-27.300000	-10.300000	-17.000000	29.600000	5.464217	6
45	1950082913	11292807	17.000000	-27.300000	-10.300000	-17.000000	29.600000	5.678334	6
46	1950082913	1897942198	17.000000	-27.300000	-10.300000	-17.000000	29.600000	5.585875	6
47	1950082913	1665261017	17.000000	-27.300000	-10.300000	-17.000000	29.600000	5.309855	6
48	1950082913	1892401488	17.000000	-27.300000	-10.300000	-17.000000	29.600000	5.384805	6
49	1950082913	1209922962	17.000000	-27.300000	-10.300000	-17.000000	29.600000	5.353490	6
0	600444519	306105067	50.000000	-36.000000	14.000000	-50.000000	27.500000	9.986503	6
1	600444519	1032066975	50.000000	-36.000000	14.000000	-50.000000	27.500000	10.640742	6
2	600444519	304920306	50.000000	-36.000000	14.000000	-50.000000	27.500000	10.667738	6
3	600444519	384391832	50.000000	-36.000000	14.000000	-50.000000	27.500000	9.901927	6
4	600444519	1576811655	50.000000	-36.000000	14.000000	-50.000000	27.500000	10.155603	6
5	600444519	1767415038	50.000000	-36.000000	14.000000	-50.000000	27.500000	10.170477	6
6	600444519	755529851	50.000000	-36.000000	14.000000	-50.000000	27.500000	9.961975	6
7	600444519	485694555	50.000000	-36.000000	14.000000	-50.000000	27.500000	10.182445	6
8	600444519	1845819756	50.000000	-36.000000	14.000000	-50.000000	27.500000	10.058385	6
9	600444519	1343437469	50.000000	-36.000000	14.000000	-50.000000	27.500000	10.033026	6
10	600444519	1364993522	50.000000	-36.000000	14.000000	-50.000000	27.500000	11.681179	6
11	600444519	867586807	50.000000	-36.000000	14.000000	-50.000000	27.500000	10.151472	6
12	600444519	78292689	50.000000	-36.000000	14.000000	-50.000000	27.500000	10.041355	6
13	600444519	722503340	50.000000	-36.000000	14.000000	-50.000000	27.500000	9.987738	6
14	600444519	2048762990	50.000000	-36.000000	14.000000	-50.000000	27.500000	10.005666	6
15	600444519	1666079735	50.000000	-36.000000	14.000000	-50.000000	27.500000	10.414770	6
16	600444519	1623997758	50.000000	-36.000000	14.000000	-50.000000	27.500000	12.971546	6
17	600444519	1319872172	50.000000	-36.000000	14.000000	-50.000000	27.500000	11.161732	6
18	600444519	201408880	50.000000	-36.000000	14.000000	-50.000000	27.500000	10.501535	6
19	600444519	1053088099	50.000000	-36.000000	14.000000	-50.000000	27.500000	10.232247	6
20	600444519	225500447	50.000000	-36.000000	14.000000	-50.000000	27.500000	10.117476	6
21	600444519	352285641	50.000000	-36.000000	14.000000	-50.000000	27.500000	11.395785	6
22	600444519	572947075	50.000000	-36.000000	14.000000	-50.000000	27.500000	10.872537	6
23	600444519	1320676263	50.000000	-36.000000	14.000000	-50.000000	27.500000	10.021201	6
24	600444519	372361353	50.000000	-36.000000	14.000000	-50.000000	27.500000	10.088550	6
25	600444519	959383842	50.000000	-36.000000	14.000000	-50.000000	27.500000	10.119230	6
26	600444519	1281256440	50.000000	-36.000000	14.000000	-50.000000	27.500000	10.162462	6
27	600444519	345395604	50.000000	-36.000000	14.000000	-50.000000	27.500000	10.260649	6
28	600444519	741378072	50.000000	-36.000000	14.000000	-50.000000	27.500000	10.165564	6
29	600444519	1438300196	50.000000	-36.000000	14.000000	-50.000000	27.500000	9.919538	6
30	600444519	697886831	50.000000	-36.000000	14.000000	-50.000000	27.500000	10.300646	6
31	600444519	1548120728	50.000000	-36.000000	14.000000	-50.000000	27.500000	10.053224	6
32	600444519	569783448	50.000000	-36.000000	14.000000	-50.000000	27.500000	11.061300	6
33	600444519	604399244	50.000000	-36.000000	14.000000	-50.000000	27.500000	9.831923	6
34	600444519	765802563	50.000000	-36.000000	14.000000	-50.000000	27.500000	9.769595	6
35	600444519	397234121	50.000000	-36.000000	14.000000	-50.000000	27.500000	9.746241	6
36	600444519	859368244	50.000000	-36.000000	14.000000	-50.000000	27.500000	12.696154	6
37	600444519	1523995447	50.000000	-36.000000	14.000000	-50.000000	27.500000	10.391193	6
38	600444519	974356607	50.000000	-36.000000	14.000000	-50.000000	27.500000	10.471917	6
39	600444519	422206808	50.000000	-36.000000	14.000000	-50.000000	27.500000	9.671926	6
40	600444519	1344563378	50.000000	-36.000000	14.000000	-50.000000	27.500000	9.753254	6
41	600444519	489112398	50.000000	-36.000000	14.000000	-50.000000	27.500000	9.806100	6
42	600444519	2124665330	50.000000	-36.000000	14.000000	-50.000000	27.500000	9.547202	6
43	600444519	800932576	50.000000	-36.000000	14.000000	-50.000000	27.500000	10.581951	6
44	600444519	442682486	50.000000	-36.000000	14.000000	-50.000000	27.500000	9.624485	6
45	600444519	1382488093	50.000000	-36.000000	14.000000	-50.000000	27.500000	9.154645	6
46	600444519	1448075593	50.000000	-36.000000	14.000000	-50.000000	27.500000	9.556314	6
47	600444519	1764394502	50.000000	-36.000000	14.000000	-50.000000	27.500000	9.909287	6
48	600444519	1824686961	50.000000	-36.000000	14.000000	-50.000000	27.500000	11.164868	6
49	600444519	2092092243	50.000000	-36.000000	14.000000	-50.000000	27.500000	9.563632	6
0	2140441359	1052450157	72.000000	-60.400000	11.600000	-72.000000	29.900000	7.264686	5
1	2140441359	1091366821	72.000000	-60.400000	11.600000	-72.000000	29.900000	7.087913	5
2	2140441359	847735215	72.000000	-60.400000	11.600000	-72.000000	29.900000	7.224602	5
3	2140441359	1757714117	72.000000	-60.400000	11.600000	-72.000000	29.900000	7.294716	5
4	2140441359	419370786	72.000000	-60.400000	11.600000	-72.000000	29.900000	7.043479	5
5	2140441359	1783023039	72.000000	-60.400000	11.600000	-72.000000	29.900000	8.300425	5
6	2140441359	1013231445	72.000000	-60.400000	11.600000	-72.000000	29.900000	8.598372	5
7	2140441359	382794761	72.000000	-60.400000	11.600000	-72.000000	29.900000	7.270295	5
8	2140441359	2128199484	72.000000	-60.400000	11.600000	-72.000000	29.900000	7.053560	5
9	2140441359	2077928038	72.000000	-60.400000	11.600000	-72.000000	29.900000	8.655735	5
10	2140441359	1151988153	72.000000	-60.400000	11.600000	-72.000000	29.900000	7.109347	5
11	2140441359	145307762	72.000000	-60.400000	11.600000	-72.000000	29.900000	7.545863	5
12	2140441359	1509643215	72.000000	-60.400000	11.600000	-72.000000	29.900000	8.034004	5
13	2140441359	1610767566	72.000000	-60.400000	11.600000	-72.000000	29.900000	7.358033	5
14	2140441359	472431523	72.000000	-60.400000	11.600000	-72.000000	29.900000	7.076601	5
15	2140441359	1812681296	72.000000	-60.400000	11.600000	-72.000000	29.900000	7.625013	5
16	2140441359	1143008758	72.000000	-60.400000	11.600000	-72.000000	29.900000	7.240848	5
17	2140441359	1216484359	72.000000	-60.400000	11.600000	-72.000000	29.900000	7.884805	5
18	2140441359	469023250	72.000000	-60.400000	11.600000	-72.000000	29.900000	7.115998	5
19	2140441359	1424386363	72.000000	-60.400000	11.600000	-72.000000	29.900000	8.135618	5
20	2140441359	803727753	72.000000	-60.400000	11.600000	-72.000000	29.900000	7.428990	5
21	2140441359	662383565	72.000000	-60.400000	11.600000	-72.000000	29.900000	8.448621	5
22	2140441359	645691554	72.000000	-60.400000	11.600000	-72.000000	29.900000	7.253305	5
23	2140441359	535090436	72.000000	-60.400000	11.600000	-72.000000	29.900000	8.917311	5
24	2140441359	1890400087	72.000000	-60.400000	11.600000	-72.000000	29.900000	7.272038	5
25	2140441359	456193664	72.000000	-60.400000	11.600000	-72.000000	29.900000	9.575683	5
26	2140441359	1132758823	72.000000	-60.400000	11.600000	-72.000000	29.900000	7.949339	5
27	2140441359	870510030	72.000000	-60.400000	11.600000	-72.000000	29.900000	7.406524	5
28	2140441359	1879938489	72.000000	-60.400000	11.600000	-72.000000	29.900000	6.989803	5
29	2140441359	1507637572	72.000000	-60.400000	11.600000	-72.000000	29.900000	7.107100	5
30	2140441359	1508509524	72.000000	-60.400000	11.600000	-72.000000	29.900000	7.035575	5
31	2140441359	1145010801	72.000000	-60.400000	11.600000	-72.000000	29.900000	6.962568	5
32	2140441359	1027322448	72.000000	-60.400000	11.600000	-72.000000	29.900000	7.012729	5
33	2140441359	1364053686	72.000000	-60.400000	11.600000	-72.000000	29.900000	6.978596	5
34	2140441359	565289152	72.000000	-60.400000	11.600000	-72.000000	29.900000	6.964201	5
35	2140441359	647153713	72.000000	-60.400000	11.600000	-72.000000	29.900000	6.950327	5
36	2140441359	335622982	72.000000	-60.400000	11.600000	-72.000000	29.900000	7.522634	5
37	2140441359	145945127	72.000000	-60.400000	11.600000	-72.000000	29.900000	7.516933	5
38	2140441359	1418190880	72.000000	-60.400000	11.600000	-72.000000	29.900000	8.395410	5
39	2140441359	855206302	72.000000	-60.400000	11.600000	-72.000000	29.900000	6.900356	5
40	2140441359	2128586766	72.000000	-60.400000	11.600000	-72.000000	29.900000	6.987989	5
41	2140441359	1636414389	72.000000	-60.400000	11.600000	-72.000000	29.900000	7.061251	5
42	2140441359	1652030060	72.000000	-60.400000	11.600000	-72.000000	29.900000	6.850712	5
43	2140441359	2126487103	72.000000	-60.400000	11.600000	-72.000000	29.900000	6.890240	5
44	2140441359	1365664517	72.000000	-60.400000	11.600000	-72.000000	29.900000	6.565771	5
45	2140441359	391189043	72.000000	-60.400000	11.600000	-72.000000	29.900000	7.001085	5
46	2140441359	71170995	72.000000	-60.400000	11.600000	-72.000000	29.900000	6.915926	5
47	2140441359	232415724	72.000000	-60.400000	11.600000	-72.000000	29.900000	6.623057	5
48	2140441359	1701984978	72.000000	-60.400000	11.600000	-72.000000	29.900000	6.990330	5
49	2140441359	1413234586	72.000000	-60.400000	11.600000	-72.000000	29.900000	6.926987	5
0	1963503508	1806802547	68.000000	-83.400000	-15.400000	-68.000000	52.100000	20.338017	12
1	1963503508	1138681088	68.000000	-83.400000	-15.400000	-68.000000	52.100000	19.475999	12
2	1963503508	368388351	68.000000	-83.400000	-15.400000	-68.000000	52.100000	19.582155	12
3	1963503508	1468773625	68.000000	-83.400000	-15.400000	-68.000000	52.100000	19.362388	12
4	1963503508	1022411189	68.000000	-83.400000	-15.400000	-68.000000	52.100000	19.172727	12
5	1963503508	1968472999	68.000000	-83.400000	-15.400000	-68.000000	52.100000	21.164318	12
6	1963503508	1805032732	68.000000	-83.400000	-15.400000	-68.000000	52.100000	20.019567	12
7	1963503508	622420839	68.000000	-83.400000	-15.400000	-68.000000	52.100000	19.075558	12
8	1963503508	807635087	68.000000	-83.400000	-15.400000	-68.000000	52.100000	19.599655	12
9	1963503508	1778581469	68.000000	-83.400000	-15.400000	-68.000000	52.100000	19.494946	12
10	1963503508	867353506	68.000000	-83.400000	-15.400000	-68.000000	52.100000	18.586239	12
11	1963503508	1953112644	68.000000	-83.400000	-15.400000	-68.000000	52.100000	21.398840	12
12	1963503508	1663389405	68.000000	-83.400000	-15.400000	-68.000000	52.100000	17.645611	12
13	1963503508	1837649283	68.000000	-83.400000	-15.400000	-68.000000	52.100000	18.013443	12
14	1963503508	576411801	68.000000	-83.400000	-15.400000	-68.000000	52.100000	17.685177	12
15	1963503508	805906124	68.000000	-83.400000	-15.400000	-68.000000	52.100000	17.055909	12
16	1963503508	1270813482	68.000000	-83.400000	-15.400000	-68.000000	52.100000	18.181390	12
17	1963503508	940968508	68.000000	-83.400000	-15.400000	-68.000000	52.100000	24.306961	12
18	1963503508	1384832289	68.000000	-83.400000	-15.400000	-68.000000	52.100000	19.991312	12
19	1963503508	527483437	68.000000	-83.400000	-15.400000	-68.000000	52.100000	19.391901	12
20	1963503508	1252607612	68.000000	-83.400000	-15.400000	-68.000000	52.100000	19.203789	12
21	1963503508	71826623	68.000000	-83.400000	-15.400000	-68.000000	52.100000	19.720803	12
22	1963503508	338434964	68.000000	-83.400000	-15.400000	-68.000000	52.100000	19.724467	12
23	1963503508	1799337964	68.000000	-83.400000	-15.400000	-68.000000	52.100000	20.962399	12
24	1963503508	1925202607	68.000000	-83.400000	-15.400000	-68.000000	52.100000	20.598402	12
25	1963503508	139558928	68.000000	-83.400000	-15.400000	-68.000000	52.100000	19.694756	12
26	1963503508	1574359437	68.000000	-83.400000	-15.400000	-68.000000	52.100000	19.675910	12
27	1963503508	1514928655	68.000000	-83.400000	-15.400000	-68.000000	52.100000	19.630294	12
28	1963503508	1226336834	68.000000	-83.400000	-15.400000	-68.000000	52.100000	19.353981	12
29	1963503508	1064751847	68.000000	-83.400000	-15.400000	-68.000000	52.100000	21.777483	12
30	1963503508	616465478	68.000000	-83.400000	-15.400000	-68.000000	52.100000	18.763223	12
31	1963503508	1859636991	68.000000	-83.400000	-15.400000	-68.000000	52.100000	18.884991	12
32	1963503508	1262415830	68.000000	-83.400000	-15.400000	-68.000000	52.100000	18.922234	12
33	1963503508	979849883	68.000000	-83.400000	-15.400000	-68.000000	52.100000	18.769348	12
34	1963503508	1341160231	68.000000	-83.400000	-15.400000	-68.000000	52.100000	20.148121	12
35	1963503508	1322147531	68.000000	-83.400000	-15.400000	-68.000000	52.100000	18.962104	12
36	1963503508	93602983	68.000000	-83.400000	-15.400000	-68.000000	52.100000	19.003944	12
37	1963503508	179149607	68.000000	-83.400000	-15.400000	-68.000000	52.100000	19.801581	12
38	1963503508	580772706	68.000000	-83.400000	-15.400000	-68.000000	52.100000	20.690847	12
39	1963503508	2039261161	68.000000	-83.400000	-15.400000	-68.000000	52.100000	19.963742	12
40	1963503508	1951215765	68.000000	-83.400000	-15.400000	-68.000000	52.100000	20.574551	12
41	1963503508	1326092556	68.000000	-83.400000	-15.400000	-68.000000	52.100000	19.132542	12
42	1963503508	1406081809	68.000000	-83.400000	-15.400000	-68.000000	52.100000	19.223829	12
43	1963503508	962321667	68.000000	-83.400000	-15.400000	-68.000000	52.100000	19.280466	12
44	1963503508	1313312926	68.000000	-83.400000	-15.400000	-68.000000	52.100000	18.960180	12
45	1963503508	1815106135	68.000000	-83.400000	-15.400000	-68.000000	52.100000	19.481610	12
46	1963503508	410854488	68.000000	-83.400000	-15.400000	-68.000000	52.100000	21.423888	12
47	1963503508	2120362545	68.000000	-83.400000	-15.400000	-68.000000	52.100000	19.885004	12
48	1963503508	830455487	68.000000	-83.400000	-15.400000	-68.000000	52.100000	22.322323	12
49	1963503508	384962502	68.000000	-83.400000	-15.400000	-68.000000	52.100000	20.810570	12
0	93058589	1630967214	56.000000	-43.000000	13.000000	-56.000000	27.700000	15.020147	8
1	93058589	1563252572	56.000000	-43.000000	13.000000	-56.000000	27.700000	15.516321	8
2	93058589	741308307	56.000000	-43.000000	13.000000	-56.000000	27.700000	15.715833	8
3	93058589	703894463	56.000000	-43.000000	13.000000	-56.000000	27.700000	15.395197	8
4	93058589	1137653063	56.000000	-43.000000	13.000000	-56.000000	27.700000	18.152993	8
5	93058589	1865322410	56.000000	-43.000000	13.000000	-56.000000	27.700000	15.888713	8
6	93058589	1278478613	56.000000	-43.000000	13.000000	-56.000000	27.700000	15.620516	8
7	93058589	709663872	56.000000	-43.000000	13.000000	-56.000000	27.700000	15.435341	8
8	93058589	138606890	56.000000	-43.000000	13.000000	-56.000000	27.700000	15.381008	8
9	93058589	120058545	56.000000	-43.000000	13.000000	-56.000000	27.700000	19.227431	8
10	93058589	516262352	56.000000	-43.000000	13.000000	-56.000000	27.700000	17.406015	8
11	93058589	869265609	56.000000	-43.000000	13.000000	-56.000000	27.700000	17.403017	8
12	93058589	271848350	56.000000	-43.000000	13.000000	-56.000000	27.700000	15.852495	8
13	93058589	1169513228	56.000000	-43.000000	13.000000	-56.000000	27.700000	15.989122	8
14	93058589	699112797	56.000000	-43.000000	13.000000	-56.000000	27.700000	16.139153	8
15	93058589	1153303728	56.000000	-43.000000	13.000000	-56.000000	27.700000	15.993860	8
16	93058589	341946563	56.000000	-43.000000	13.000000	-56.000000	27.700000	16.201775	8
17	93058589	769191712	56.000000	-43.000000	13.000000	-56.000000	27.700000	16.091211	8
18	93058589	693519842	56.000000	-43.000000	13.000000	-56.000000	27.700000	17.512649	8
19	93058589	2078377673	56.000000	-43.000000	13.000000	-56.000000	27.700000	16.518288	8
20	93058589	1856732242	56.000000	-43.000000	13.000000	-56.000000	27.700000	16.275973	8
21	93058589	463554711	56.000000	-43.000000	13.000000	-56.000000	27.700000	15.822609	8
22	93058589	1888255853	56.000000	-43.000000	13.000000	-56.000000	27.700000	18.489268	8
23	93058589	556382925	56.000000	-43.000000	13.000000	-56.000000	27.700000	17.070834	8
24	93058589	1451789873	56.000000	-43.000000	13.000000	-56.000000	27.700000	15.619511	8
25	93058589	775242293	56.000000	-43.000000	13.000000	-56.000000	27.700000	17.345476	8
26	93058589	358399884	56.000000	-43.000000	13.000000	-56.000000	27.700000	15.993791	8
27	93058589	1901854017	56.000000	-43.000000	13.000000	-56.000000	27.700000	15.513962	8
28	93058589	334938115	56.000000	-43.000000	13.000000	-56.000000	27.700000	15.167457	8
29	93058589	2102554796	56.000000	-43.000000	13.000000	-56.000000	27.700000	15.011693	8
30	93058589	178544492	56.000000	-43.000000	13.000000	-56.000000	27.700000	14.778959	8
31	93058589	1488612996	56.000000	-43.000000	13.000000	-56.000000	27.700000	13.966322	8
32	93058589	1216834252	56.000000	-43.000000	13.000000	-56.000000	27.700000	15.341765	8
33	93058589	116080934	56.000000	-43.000000	13.000000	-56.000000	27.700000	14.078080	8
34	93058589	2065886364	56.000000	-43.000000	13.000000	-56.000000	27.700000	13.964131	8
35	93058589	119326258	56.000000	-43.000000	13.000000	-56.000000	27.700000	14.148014	8
36	93058589	1573817121	56.000000	-43.000000	13.000000	-56.000000	27.700000	13.940083	8
37	93058589	1244774545	56.000000	-43.000000	13.000000	-56.000000	27.700000	13.921695	8
38	93058589	78537330	56.000000	-43.000000	13.000000	-56.000000	27.700000	13.887075	8
39	93058589	983060054	56.000000	-43.000000	13.000000	-56.000000	27.700000	15.669290	8
40	93058589	1813598114	56.000000	-43.000000	13.000000	-56.000000	27.700000	16.086037	8
41	93058589	33294997	56.000000	-43.000000	13.000000	-56.000000	27.700000	21.340006	8
42	93058589	1337805768	56.000000	-43.000000	13.000000	-56.000000	27.700000	16.893296	8
43	93058589	1148454475	56.000000	-43.000000	13.000000	-56.000000	27.700000	16.825482	8
44	93058589	66129278	56.000000	-43.000000	13.000000	-56.000000	27.700000	16.447324	8
45	93058589	1628397969	56.000000	-43.000000	13.000000	-56.000000	27.700000	15.666863	8
46	93058589	1897646979	56.000000	-43.000000	13.000000	-56.000000	27.700000	17.289364	8
47	93058589	650505998	56.000000	-43.000000	13.000000	-56.000000	27.700000	15.762170	8
48	93058589	814718323	56.000000	-43.000000	13.000000	-56.000000	27.700000	15.821724	8
49	93058589	394194221	56.000000	-43.000000	13.000000	-56.000000	27.700000	15.751103	8
0	610304499	1550333355	57.000000	-57.900000	-0.900000	-57.000000	32.300000	11.391107	7
1	610304499	1230447732	57.000000	-57.900000	-0.900000	-57.000000	32.300000	10.901896	7
2	610304499	1452041621	57.000000	-57.900000	-0.900000	-57.000000	32.300000	11.776949	7
3	610304499	631707216	57.000000	-57.900000	-0.900000	-57.000000	32.300000	12.454971	7
4	610304499	2088786108	57.000000	-57.900000	-0.900000	-57.000000	32.300000	11.387344	7
5	610304499	638490215	57.000000	-57.900000	-0.900000	-57.000000	32.300000	11.146695	7
6	610304499	955714082	57.000000	-57.900000	-0.900000	-57.000000	32.300000	11.646366	7
7	610304499	768820693	57.000000	-57.900000	-0.900000	-57.000000	32.300000	12.604671	7
8	610304499	1746574757	57.000000	-57.900000	-0.900000	-57.000000	32.300000	11.096318	7
9	610304499	1319658986	57.000000	-57.900000	-0.900000	-57.000000	32.300000	11.301705	7
10	610304499	1420732345	57.000000	-57.900000	-0.900000	-57.000000	32.300000	11.525246	7
11	610304499	1180080122	57.000000	-57.900000	-0.900000	-57.000000	32.300000	11.347741	7
12	610304499	689043724	57.000000	-57.900000	-0.900000	-57.000000	32.300000	11.347633	7
13	610304499	975859419	57.000000	-57.900000	-0.900000	-57.000000	32.300000	11.298350	7
14	610304499	1460762408	57.000000	-57.900000	-0.900000	-57.000000	32.300000	11.278244	7
15	610304499	345993200	57.000000	-57.900000	-0.900000	-57.000000	32.300000	11.269569	7
16	610304499	46934668	57.000000	-57.900000	-0.900000	-57.000000	32.300000	11.195151	7
17	610304499	1295825461	57.000000	-57.900000	-0.900000	-57.000000	32.300000	12.292691	7
18	610304499	1216433674	57.000000	-57.900000	-0.900000	-57.000000	32.300000	11.242461	7
19	610304499	1517432766	57.000000	-57.900000	-0.900000	-57.000000	32.300000	11.061947	7
20	610304499	1571014895	57.000000	-57.900000	-0.900000	-57.000000	32.300000	11.102337	7
21	610304499	1159240353	57.000000	-57.900000	-0.900000	-57.000000	32.300000	11.132124	7
22	610304499	932912464	57.000000	-57.900000	-0.900000	-57.000000	32.300000	11.040100	7
23	610304499	312797236	57.000000	-57.900000	-0.900000	-57.000000	32.300000	11.309537	7
24	610304499	1557165345	57.000000	-57.900000	-0.900000	-57.000000	32.300000	11.278666	7
25	610304499	2110141016	57.000000	-57.900000	-0.900000	-57.000000	32.300000	11.653659	7
26	610304499	1739004042	57.000000	-57.900000	-0.900000	-57.000000	32.300000	13.710806	7
27	610304499	380105638	57.000000	-57.900000	-0.900000	-57.000000	32.300000	11.588824	7
28	610304499	292173214	57.000000	-57.900000	-0.900000	-57.000000	32.300000	11.476279	7
29	610304499	940400512	57.000000	-57.900000	-0.900000	-57.000000	32.300000	11.132055	7
30	610304499	1638827434	57.000000	-57.900000	-0.900000	-57.000000	32.300000	11.943510	7
31	610304499	848328282	57.000000	-57.900000	-0.900000	-57.000000	32.300000	11.681911	7
32	610304499	331675924	57.000000	-57.900000	-0.900000	-57.000000	32.300000	11.265896	7
33	610304499	1260327590	57.000000	-57.900000	-0.900000	-57.000000	32.300000	11.601502	7
34	610304499	1749300114	57.000000	-57.900000	-0.900000	-57.000000	32.300000	11.559656	7
35	610304499	788121521	57.000000	-57.900000	-0.900000	-57.000000	32.300000	11.247624	7
36	610304499	1459700355	57.000000	-57.900000	-0.900000	-57.000000	32.300000	12.577033	7
37	610304499	1234963180	57.000000	-57.900000	-0.900000	-57.000000	32.300000	10.938312	7
38	610304499	1655478744	57.000000	-57.900000	-0.900000	-57.000000	32.300000	10.917483	7
39	610304499	229819403	57.000000	-57.900000	-0.900000	-57.000000	32.300000	10.494624	7
40	610304499	1229913150	57.000000	-57.900000	-0.900000	-57.000000	32.300000	10.105986	7
41	610304499	289274827	57.000000	-57.900000	-0.900000	-57.000000	32.300000	10.042724	7
42	610304499	1555210197	57.000000	-57.900000	-0.900000	-57.000000	32.300000	9.976988	7
43	610304499	2144077107	57.000000	-57.900000	-0.900000	-57.000000	32.300000	10.039289	7
44	610304499	1174368889	57.000000	-57.900000	-0.900000	-57.000000	32.300000	10.051085	7
45	610304499	530927	57.000000	-57.900000	-0.900000	-57.000000	32.300000	10.074471	7
46	610304499	890637322	57.000000	-57.900000	-0.900000	-57.000000	32.300000	11.553357	7
47	610304499	2033976424	57.000000	-57.900000	-0.900000	-57.000000	32.300000	10.710355	7
48	610304499	86210427	57.000000	-57.900000	-0.900000	-57.000000	32.300000	10.836012	7
49	610304499	562303299	57.000000	-57.900000	-0.900000	-57.000000	32.300000	11.317757	7
0	911206825	1924342814	38.000000	-25.900000	12.100000	-38.000000	21.500000	15.837371	11
1	911206825	921159653	38.000000	-25.900000	12.100000	-38.000000	21.500000	14.655428	11
2	911206825	546463659	38.000000	-25.900000	12.100000	-38.000000	21.500000	14.760565	11
3	911206825	697502318	38.000000	-25.900000	12.100000	-38.000000	21.500000	14.732240	11
4	911206825	654544349	38.000000	-25.900000	12.100000	-38.000000	21.500000	14.300584	11
5	911206825	2054206178	38.000000	-25.900000	12.100000	-38.000000	21.500000	13.856617	11
6	911206825	286877315	38.000000	-25.900000	12.100000	-38.000000	21.500000	14.192504	11
7	911206825	1780317428	38.000000	-25.900000	12.100000	-38.000000	21.500000	15.179012	11
8	911206825	1069804792	38.000000	-25.900000	12.100000	-38.000000	21.500000	14.133227	11
9	911206825	738350948	38.000000	-25.900000	12.100000	-38.000000	21.500000	14.104274	11
10	911206825	1295212182	38.000000	-25.900000	12.100000	-38.000000	21.500000	14.222741	11
11	911206825	1292408510	38.000000	-25.900000	12.100000	-38.000000	21.500000	14.204184	11
12	911206825	1383066092	38.000000	-25.900000	12.100000	-38.000000	21.500000	14.181692	11
13	911206825	229340133	38.000000	-25.900000	12.100000	-38.000000	21.500000	14.806460	11
14	911206825	524870342	38.000000	-25.900000	12.100000	-38.000000	21.500000	14.240497	11
15	911206825	1760110165	38.000000	-25.900000	12.100000	-38.000000	21.500000	15.591428	11
16	911206825	1374671281	38.000000	-25.900000	12.100000	-38.000000	21.500000	13.657806	11
17	911206825	724598467	38.000000	-25.900000	12.100000	-38.000000	21.500000	13.809669	11
18	911206825	1446991358	38.000000	-25.900000	12.100000	-38.000000	21.500000	13.479516	11
19	911206825	554471269	38.000000	-25.900000	12.100000	-38.000000	21.500000	13.632984	11
20	911206825	1249080819	38.000000	-25.900000	12.100000	-38.000000	21.500000	12.771397	11
21	911206825	1805552286	38.000000	-25.900000	12.100000	-38.000000	21.500000	12.835321	11
22	911206825	1872271165	38.000000	-25.900000	12.100000	-38.000000	21.500000	12.739126	11
23	911206825	562995674	38.000000	-25.900000	12.100000	-38.000000	21.500000	13.775714	11
24	911206825	1490024181	38.000000	-25.900000	12.100000	-38.000000	21.500000	13.218299	11
25	911206825	681529453	38.000000	-25.900000	12.100000	-38.000000	21.500000	12.805091	11
26	911206825	693903342	38.000000	-25.900000	12.100000	-38.000000	21.500000	12.667180	11
27	911206825	1260067100	38.000000	-25.900000	12.100000	-38.000000	21.500000	12.675855	11
28	911206825	601191511	38.000000	-25.900000	12.100000	-38.000000	21.500000	12.755644	11
29	911206825	1133208542	38.000000	-25.900000	12.100000	-38.000000	21.500000	15.215530	11
30	911206825	344885395	38.000000	-25.900000	12.100000	-38.000000	21.500000	15.842772	11
31	911206825	1764213591	38.000000	-25.900000	12.100000	-38.000000	21.500000	18.576755	11
32	911206825	397518555	38.000000	-25.900000	12.100000	-38.000000	21.500000	14.427599	11
33	911206825	1389858186	38.000000	-25.900000	12.100000	-38.000000	21.500000	14.237404	11
34	911206825	882669130	38.000000	-25.900000	12.100000	-38.000000	21.500000	14.063040	11
35	911206825	974409918	38.000000	-25.900000	12.100000	-38.000000	21.500000	14.238581	11
36	911206825	823419114	38.000000	-25.900000	12.100000	-38.000000	21.500000	14.286953	11
37	911206825	1494896391	38.000000	-25.900000	12.100000	-38.000000	21.500000	14.488390	11
38	911206825	2143154102	38.000000	-25.900000	12.100000	-38.000000	21.500000	15.146367	11
39	911206825	1899809505	38.000000	-25.900000	12.100000	-38.000000	21.500000	14.960368	11
40	911206825	1198192874	38.000000	-25.900000	12.100000	-38.000000	21.500000	14.571038	11
41	911206825	25595331	38.000000	-25.900000	12.100000	-38.000000	21.500000	15.140944	11
42	911206825	804723358	38.000000	-25.900000	12.100000	-38.000000	21.500000	14.332241	11
43	911206825	1873523733	38.000000	-25.900000	12.100000	-38.000000	21.500000	14.306533	11
44	911206825	2066192739	38.000000	-25.900000	12.100000	-38.000000	21.500000	14.451157	11
45	911206825	475555452	38.000000	-25.900000	12.100000	-38.000000	21.500000	14.936057	11
46	911206825	1140547746	38.000000	-25.900000	12.100000	-38.000000	21.500000	18.996178	11
47	911206825	2025377243	38.000000	-25.900000	12.100000	-38.000000	21.500000	15.792294	11
48	911206825	917076687	38.000000	-25.900000	12.100000	-38.000000	21.500000	13.990863	11
49	911206825	139536326	38.000000	-25.900000	12.100000	-38.000000	21.500000	14.598273	11
0	101673257	1943316764	38.000000	-32.000000	6.000000	-38.000000	20.000000	6.406827	6
1	101673257	786509943	38.000000	-32.000000	6.000000	-38.000000	20.000000	6.660399	6
2	101673257	1759456930	38.000000	-32.000000	6.000000	-38.000000	20.000000	6.724028	6
3	101673257	1348049478	38.000000	-32.000000	6.000000	-38.000000	20.000000	6.455533	6
4	101673257	597168902	38.000000	-32.000000	6.000000	-38.000000	20.000000	7.139917	6
5	101673257	55829676	38.000000	-32.000000	6.000000	-38.000000	20.000000	7.343868	6
6	101673257	334568423	38.000000	-32.000000	6.000000	-38.000000	20.000000	7.160029	6
7	101673257	622064053	38.000000	-32.000000	6.000000	-38.000000	20.000000	6.423935	6
8	101673257	1868410538	38.000000	-32.000000	6.000000	-38.000000	20.000000	6.917918	6
9	101673257	1132498041	38.000000	-32.000000	6.000000	-38.000000	20.000000	6.444696	6
10	101673257	2044092992	38.000000	-32.000000	6.000000	-38.000000	20.000000	6.347289	6
11	101673257	1527434045	38.000000	-32.000000	6.000000	-38.000000	20.000000	6.923631	6
12	101673257	1096532195	38.000000	-32.000000	6.000000	-38.000000	20.000000	6.332345	6
13	101673257	1051108463	38.000000	-32.000000	6.000000	-38.000000	20.000000	6.992037	6
14	101673257	1651942752	38.000000	-32.000000	6.000000	-38.000000	20.000000	8.059843	6
15	101673257	332541481	38.000000	-32.000000	6.000000	-38.000000	20.000000	6.931973	6
16	101673257	1970355403	38.000000	-32.000000	6.000000	-38.000000	20.000000	6.428133	6
17	101673257	1959175145	38.000000	-32.000000	6.000000	-38.000000	20.000000	6.589235	6
18	101673257	1617581604	38.000000	-32.000000	6.000000	-38.000000	20.000000	7.008013	6
19	101673257	1933962286	38.000000	-32.000000	6.000000	-38.000000	20.000000	6.356268	6
20	101673257	1117080496	38.000000	-32.000000	6.000000	-38.000000	20.000000	6.975649	6
21	101673257	1755903603	38.000000	-32.000000	6.000000	-38.000000	20.000000	6.363425	6
22	101673257	865299882	38.000000	-32.000000	6.000000	-38.000000	20.000000	6.743694	6
23	101673257	1065283167	38.000000	-32.000000	6.000000	-38.000000	20.000000	7.035112	6
24	101673257	1668840255	38.000000	-32.000000	6.000000	-38.000000	20.000000	6.913832	6
25	101673257	1305664493	38.000000	-32.000000	6.000000	-38.000000	20.000000	6.325392	6
26	101673257	727339190	38.000000	-32.000000	6.000000	-38.000000	20.000000	6.293785	6
27	101673257	1152182928	38.000000	-32.000000	6.000000	-38.000000	20.000000	6.535569	6
28	101673257	65312329	38.000000	-32.000000	6.000000	-38.000000	20.000000	6.273744	6
29	101673257	1530802987	38.000000	-32.000000	6.000000	-38.000000	20.000000	6.310534	6
30	101673257	971758335	38.000000	-32.000000	6.000000	-38.000000	20.000000	6.224748	6
31	101673257	1576632468	38.000000	-32.000000	6.000000	-38.000000	20.000000	7.505617	6
32	101673257	1023943270	38.000000	-32.000000	6.000000	-38.000000	20.000000	6.249009	6
33	101673257	1900620397	38.000000	-32.000000	6.000000	-38.000000	20.000000	6.422595	6
34	101673257	1484100248	38.000000	-32.000000	6.000000	-38.000000	20.000000	6.477226	6
35	101673257	607764292	38.000000	-32.000000	6.000000	-38.000000	20.000000	6.915928	6
36	101673257	595232915	38.000000	-32.000000	6.000000	-38.000000	20.000000	6.371449	6
37	101673257	988993751	38.000000	-32.000000	6.000000	-38.000000	20.000000	6.178945	6
38	101673257	2130510481	38.000000	-32.000000	6.000000	-38.000000	20.000000	6.021126	6
39	101673257	919802490	38.000000	-32.000000	6.000000	-38.000000	20.000000	6.154165	6
40	101673257	375776098	38.000000	-32.000000	6.000000	-38.000000	20.000000	6.127011	6
41	101673257	1687393	38.000000	-32.000000	6.000000	-38.000000	20.000000	5.860035	6
42	101673257	1225735985	38.000000	-32.000000	6.000000	-38.000000	20.000000	5.817874	6
43	101673257	1524143903	38.000000	-32.000000	6.000000	-38.000000	20.000000	5.804972	6
44	101673257	535000861	38.000000	-32.000000	6.000000	-38.000000	20.000000	5.836982	6
45	101673257	1127188	38.000000	-32.000000	6.000000	-38.000000	20.000000	5.840301	6
46	101673257	1797623841	38.000000	-32.000000	6.000000	-38.000000	20.000000	5.847488	6
47	101673257	1208342927	38.000000	-32.000000	6.000000	-38.000000	20.000000	6.899776	6
48	101673257	1261948905	38.000000	-32.000000	6.000000	-38.000000	20.000000	5.983580	6
49	101673257	1635953827	38.000000	-32.000000	6.000000	-38.000000	20.000000	5.987096	6
0	1321207685	2094242088	68.000000	-43.200000	24.800000	-68.000000	30.300000	26.465218	10
1	1321207685	2027482865	68.000000	-43.200000	24.800000	-68.000000	30.300000	26.187679	10
2	1321207685	508065104	68.000000	-43.200000	24.800000	-68.000000	30.300000	30.819271	10
3	1321207685	664320208	68.000000	-43.200000	24.800000	-68.000000	30.300000	25.988019	10
4	1321207685	776896934	68.000000	-43.200000	24.800000	-68.000000	30.300000	26.942315	10
5	1321207685	991256810	68.000000	-43.200000	24.800000	-68.000000	30.300000	27.262676	10
6	1321207685	127398326	68.000000	-43.200000	24.800000	-68.000000	30.300000	29.057532	10
7	1321207685	651730971	68.000000	-43.200000	24.800000	-68.000000	30.300000	27.562828	10
8	1321207685	1761706977	68.000000	-43.200000	24.800000	-68.000000	30.300000	26.553100	10
9	1321207685	2058142241	68.000000	-43.200000	24.800000	-68.000000	30.300000	26.595658	10
10	1321207685	274742325	68.000000	-43.200000	24.800000	-68.000000	30.300000	26.301984	10
11	1321207685	1677747433	68.000000	-43.200000	24.800000	-68.000000	30.300000	28.026310	10
12	1321207685	563781919	68.000000	-43.200000	24.800000	-68.000000	30.300000	26.260936	10
13	1321207685	1231516340	68.000000	-43.200000	24.800000	-68.000000	30.300000	26.296745	10
14	1321207685	605951696	68.000000	-43.200000	24.800000	-68.000000	30.300000	26.783384	10
15	1321207685	1192002516	68.000000	-43.200000	24.800000	-68.000000	30.300000	26.146346	10
16	1321207685	586191422	68.000000	-43.200000	24.800000	-68.000000	30.300000	29.020769	10
17	1321207685	1420718468	68.000000	-43.200000	24.800000	-68.000000	30.300000	25.584866	10
18	1321207685	220757214	68.000000	-43.200000	24.800000	-68.000000	30.300000	25.094765	10
19	1321207685	1870168745	68.000000	-43.200000	24.800000	-68.000000	30.300000	23.735425	10
20	1321207685	823674120	68.000000	-43.200000	24.800000	-68.000000	30.300000	25.740977	10
21	1321207685	406863027	68.000000	-43.200000	24.800000	-68.000000	30.300000	23.520807	10
22	1321207685	161002468	68.000000	-43.200000	24.800000	-68.000000	30.300000	24.020019	10
23	1321207685	1343915172	68.000000	-43.200000	24.800000	-68.000000	30.300000	26.734898	10
24	1321207685	1110753765	68.000000	-43.200000	24.800000	-68.000000	30.300000	26.885586	10
25	1321207685	1114265472	68.000000	-43.200000	24.800000	-68.000000	30.300000	31.160560	10
26	1321207685	1579894250	68.000000	-43.200000	24.800000	-68.000000	30.300000	28.195564	10
27	1321207685	791020977	68.000000	-43.200000	24.800000	-68.000000	30.300000	26.162343	10
28	1321207685	1390835747	68.000000	-43.200000	24.800000	-68.000000	30.300000	26.535460	10
29	1321207685	649362112	68.000000	-43.200000	24.800000	-68.000000	30.300000	29.272108	10
30	1321207685	1179574706	68.000000	-43.200000	24.800000	-68.000000	30.300000	26.048614	10
31	1321207685	689093884	68.000000	-43.200000	24.800000	-68.000000	30.300000	26.143844	10
32	1321207685	1407120469	68.000000	-43.200000	24.800000	-68.000000	30.300000	26.273790	10
33	1321207685	1821010758	68.000000	-43.200000	24.800000	-68.000000	30.300000	27.044791	10
34	1321207685	1916150844	68.000000	-43.200000	24.800000	-68.000000	30.300000	28.971112	10
35	1321207685	264546468	68.000000	-43.200000	24.800000	-68.000000	30.300000	26.545315	10
36	1321207685	2042494107	68.000000	-43.200000	24.800000	-68.000000	30.300000	26.179800	10
37	1321207685	1813084573	68.000000	-43.200000	24.800000	-68.000000	30.300000	26.205773	10
38	1321207685	694241858	68.000000	-43.200000	24.800000	-68.000000	30.300000	26.945395	10
39	1321207685	1844592989	68.000000	-43.200000	24.800000	-68.000000	30.300000	25.905192	10
40	1321207685	1476204156	68.000000	-43.200000	24.800000	-68.000000	30.300000	25.964225	10
41	1321207685	1677109392	68.000000	-43.200000	24.800000	-68.000000	30.300000	25.774732	10
42	1321207685	565496249	68.000000	-43.200000	24.800000	-68.000000	30.300000	26.474086	10
43	1321207685	426104027	68.000000	-43.200000	24.800000	-68.000000	30.300000	30.495911	10
44	1321207685	592344086	68.000000	-43.200000	24.800000	-68.000000	30.300000	25.957828	10
45	1321207685	1604484567	68.000000	-43.200000	24.800000	-68.000000	30.300000	26.283257	10
46	1321207685	684839403	68.000000	-43.200000	24.800000	-68.000000	30.300000	26.050274	10
47	1321207685	358025598	68.000000	-43.200000	24.800000	-68.000000	30.300000	27.855609	10
48	1321207685	1064585465	68.000000	-43.200000	24.800000	-68.000000	30.300000	26.404635	10
49	1321207685	1172273060	68.000000	-43.200000	24.800000	-68.000000	30.300000	25.934538	10
0	513213822	1007169426	54.000000	-26.300000	27.700000	-54.000000	14.300000	11.662391	8
1	513213822	2141595518	54.000000	-26.300000	27.700000	-54.000000	14.300000	11.989742	8
2	513213822	1698637723	54.000000	-26.300000	27.700000	-54.000000	14.300000	16.058450	8
3	513213822	1667616129	54.000000	-26.300000	27.700000	-54.000000	14.300000	14.192226	8
4	513213822	1322883612	54.000000	-26.300000	27.700000	-54.000000	14.300000	11.924313	8
5	513213822	1831416091	54.000000	-26.300000	27.700000	-54.000000	14.300000	12.741380	8
6	513213822	1656822569	54.000000	-26.300000	27.700000	-54.000000	14.300000	15.352427	8
7	513213822	1409080104	54.000000	-26.300000	27.700000	-54.000000	14.300000	11.641023	8
8	513213822	2104318930	54.000000	-26.300000	27.700000	-54.000000	14.300000	11.963794	8
9	513213822	869405747	54.000000	-26.300000	27.700000	-54.000000	14.300000	19.660254	8
10	513213822	713014898	54.000000	-26.300000	27.700000	-54.000000	14.300000	19.738644	8
11	513213822	953955526	54.000000	-26.300000	27.700000	-54.000000	14.300000	15.153259	8
12	513213822	351234438	54.000000	-26.300000	27.700000	-54.000000	14.300000	11.171859	8
13	513213822	304358907	54.000000	-26.300000	27.700000	-54.000000	14.300000	10.789012	8
14	513213822	642458627	54.000000	-26.300000	27.700000	-54.000000	14.300000	11.943795	8
15	513213822	1239509675	54.000000	-26.300000	27.700000	-54.000000	14.300000	13.609427	8
16	513213822	929096495	54.000000	-26.300000	27.700000	-54.000000	14.300000	11.611848	8
17	513213822	897822193	54.000000	-26.300000	27.700000	-54.000000	14.300000	10.849558	8
18	513213822	963614288	54.000000	-26.300000	27.700000	-54.000000	14.300000	11.635516	8
19	513213822	2026728746	54.000000	-26.300000	27.700000	-54.000000	14.300000	11.378982	8
20	513213822	2022070115	54.000000	-26.300000	27.700000	-54.000000	14.300000	10.844008	8
21	513213822	512752556	54.000000	-26.300000	27.700000	-54.000000	14.300000	11.644147	8
22	513213822	1719455482	54.000000	-26.300000	27.700000	-54.000000	14.300000	11.584585	8
23	513213822	1881323046	54.000000	-26.300000	27.700000	-54.000000	14.300000	11.133461	8
24	513213822	212020960	54.000000	-26.300000	27.700000	-54.000000	14.300000	11.140015	8
25	513213822	1446175610	54.000000	-26.300000	27.700000	-54.000000	14.300000	13.275151	8
26	513213822	629462574	54.000000	-26.300000	27.700000	-54.000000	14.300000	11.777727	8
27	513213822	531061203	54.000000	-26.300000	27.700000	-54.000000	14.300000	11.632375	8
28	513213822	1988050781	54.000000	-26.300000	27.700000	-54.000000	14.300000	10.939318	8
29	513213822	1034593302	54.000000	-26.300000	27.700000	-54.000000	14.300000	11.593108	8
30	513213822	320834106	54.000000	-26.300000	27.700000	-54.000000	14.300000	11.774119	8
31	513213822	1612710038	54.000000	-26.300000	27.700000	-54.000000	14.300000	10.833424	8
32	513213822	1960019695	54.000000	-26.300000	27.700000	-54.000000	14.300000	10.882167	8
33	513213822	1735603056	54.000000	-26.300000	27.700000	-54.000000	14.300000	10.739469	8
34	513213822	2099236351	54.000000	-26.300000	27.700000	-54.000000	14.300000	10.673620	8
35	513213822	1970849661	54.000000	-26.300000	27.700000	-54.000000	14.300000	11.830404	8
36	513213822	1977290582	54.000000	-26.300000	27.700000	-54.000000	14.300000	10.731506	8
37	513213822	1586754688	54.000000	-26.300000	27.700000	-54.000000	14.300000	10.804781	8
38	513213822	579297541	54.000000	-26.300000	27.700000	-54.000000	14.300000	11.000891	8
39	513213822	137431643	54.000000	-26.300000	27.700000	-54.000000	14.300000	10.693336	8
40	513213822	308607364	54.000000	-26.300000	27.700000	-54.000000	14.300000	10.655089	8
41	513213822	225891335	54.000000	-26.300000	27.700000	-54.000000	14.300000	10.493757	8
42	513213822	1088839206	54.000000	-26.300000	27.700000	-54.000000	14.300000	10.092955	8
43	513213822	343872574	54.000000	-26.300000	27.700000	-54.000000	14.300000	10.582620	8
44	513213822	6598777	54.000000	-26.300000	27.700000	-54.000000	14.300000	12.240358	8
45	513213822	353226264	54.000000	-26.300000	27.700000	-54.000000	14.300000	10.270269	8
46	513213822	1106469702	54.000000	-26.300000	27.700000	-54.000000	14.300000	10.394353	8
47	513213822	1195424147	54.000000	-26.300000	27.700000	-54.000000	14.300000	10.319410	8
48	513213822	261964855	54.000000	-26.300000	27.700000	-54.000000	14.300000	11.058947	8
49	513213822	1487657732	54.000000	-26.300000	27.700000	-54.000000	14.300000	10.719659	8
0	1428660591	1326990749	22.000000	-23.800000	-1.800000	-22.000000	16.900000	6.171271	5
1	1428660591	1464702881	22.000000	-23.800000	-1.800000	-22.000000	16.900000	5.061138	5
2	1428660591	1250812603	22.000000	-23.800000	-1.800000	-22.000000	16.900000	5.062001	5
3	1428660591	540647738	22.000000	-23.800000	-1.800000	-22.000000	16.900000	5.021740	5
4	1428660591	240896246	22.000000	-23.800000	-1.800000	-22.000000	16.900000	4.950613	5
5	1428660591	1177466671	22.000000	-23.800000	-1.800000	-22.000000	16.900000	5.021052	5
6	1428660591	1899474030	22.000000	-23.800000	-1.800000	-22.000000	16.900000	5.029919	5
7	1428660591	883066516	22.000000	-23.800000	-1.800000	-22.000000	16.900000	4.898873	5
8	1428660591	534871472	22.000000	-23.800000	-1.800000	-22.000000	16.900000	5.829913	5
9	1428660591	1748377683	22.000000	-23.800000	-1.800000	-22.000000	16.900000	4.977528	5
10	1428660591	1003378549	22.000000	-23.800000	-1.800000	-22.000000	16.900000	4.960618	5
11	1428660591	500875260	22.000000	-23.800000	-1.800000	-22.000000	16.900000	5.099126	5
12	1428660591	615665122	22.000000	-23.800000	-1.800000	-22.000000	16.900000	5.475364	5
13	1428660591	1748064736	22.000000	-23.800000	-1.800000	-22.000000	16.900000	5.102635	5
14	1428660591	2014419497	22.000000	-23.800000	-1.800000	-22.000000	16.900000	5.076946	5
15	1428660591	327352734	22.000000	-23.800000	-1.800000	-22.000000	16.900000	5.605109	5
16	1428660591	30357978	22.000000	-23.800000	-1.800000	-22.000000	16.900000	4.985230	5
17	1428660591	1682361131	22.000000	-23.800000	-1.800000	-22.000000	16.900000	5.240275	5
18	1428660591	1404485696	22.000000	-23.800000	-1.800000	-22.000000	16.900000	5.365895	5
19	1428660591	2123004035	22.000000	-23.800000	-1.800000	-22.000000	16.900000	4.980886	5
20	1428660591	971026452	22.000000	-23.800000	-1.800000	-22.000000	16.900000	5.174574	5
21	1428660591	140367526	22.000000	-23.800000	-1.800000	-22.000000	16.900000	6.709915	5
22	1428660591	2049726479	22.000000	-23.800000	-1.800000	-22.000000	16.900000	4.883658	5
23	1428660591	1261787506	22.000000	-23.800000	-1.800000	-22.000000	16.900000	5.576106	5
24	1428660591	192925561	22.000000	-23.800000	-1.800000	-22.000000	16.900000	5.010871	5
25	1428660591	1320623438	22.000000	-23.800000	-1.800000	-22.000000	16.900000	4.939695	5
26	1428660591	1034831739	22.000000	-23.800000	-1.800000	-22.000000	16.900000	5.479686	5
27	1428660591	53352649	22.000000	-23.800000	-1.800000	-22.000000	16.900000	4.939311	5
28	1428660591	107909244	22.000000	-23.800000	-1.800000	-22.000000	16.900000	4.878457	5
29	1428660591	1569843819	22.000000	-23.800000	-1.800000	-22.000000	16.900000	5.464523	5
30	1428660591	776948033	22.000000	-23.800000	-1.800000	-22.000000	16.900000	4.923988	5
31	1428660591	391006538	22.000000	-23.800000	-1.800000	-22.000000	16.900000	4.881141	5
32	1428660591	1605621174	22.000000	-23.800000	-1.800000	-22.000000	16.900000	5.412940	5
33	1428660591	391890465	22.000000	-23.800000	-1.800000	-22.000000	16.900000	4.909075	5
34	1428660591	1362940603	22.000000	-23.800000	-1.800000	-22.000000	16.900000	4.826690	5
35	1428660591	694952818	22.000000	-23.800000	-1.800000	-22.000000	16.900000	5.597080	5
36	1428660591	1982883309	22.000000	-23.800000	-1.800000	-22.000000	16.900000	4.919622	5
37	1428660591	1166487844	22.000000	-23.800000	-1.800000	-22.000000	16.900000	4.885451	5
38	1428660591	1310875687	22.000000	-23.800000	-1.800000	-22.000000	16.900000	5.552760	5
39	1428660591	52016330	22.000000	-23.800000	-1.800000	-22.000000	16.900000	4.991904	5
40	1428660591	920767758	22.000000	-23.800000	-1.800000	-22.000000	16.900000	5.047543	5
41	1428660591	1288079330	22.000000	-23.800000	-1.800000	-22.000000	16.900000	5.396764	5
42	1428660591	1613835057	22.000000	-23.800000	-1.800000	-22.000000	16.900000	5.120855	5
43	1428660591	920827765	22.000000	-23.800000	-1.800000	-22.000000	16.900000	7.030544	5
44	1428660591	1638409514	22.000000	-23.800000	-1.800000	-22.000000	16.900000	5.515884	5
45	1428660591	336072078	22.000000	-23.800000	-1.800000	-22.000000	16.900000	4.915161	5
46	1428660591	603014902	22.000000	-23.800000	-1.800000	-22.000000	16.900000	5.290411	5
47	1428660591	775295120	22.000000	-23.800000	-1.800000	-22.000000	16.900000	5.067905	5
48	1428660591	352569363	22.000000	-23.800000	-1.800000	-22.000000	16.900000	4.945858	5
49	1428660591	909123466	22.000000	-23.800000	-1.800000	-22.000000	16.900000	5.522185	5
0	663775099	981968577	30.000000	-39.700000	-9.700000	-30.000000	36.200000	15.253849	8
1	663775099	1522379504	30.000000	-39.700000	-9.700000	-30.000000	36.200000	15.677844	8
2	663775099	1833782011	30.000000	-39.700000	-9.700000	-30.000000	36.200000	15.248773	8
3	663775099	373302900	30.000000	-39.700000	-9.700000	-30.000000	36.200000	16.573194	8
4	663775099	1595908516	30.000000	-39.700000	-9.700000	-30.000000	36.200000	15.209294	8
5	663775099	165798626	30.000000	-39.700000	-9.700000	-30.000000	36.200000	16.587014	8
6	663775099	254647214	30.000000	-39.700000	-9.700000	-30.000000	36.200000	15.571430	8
7	663775099	2056372874	30.000000	-39.700000	-9.700000	-30.000000	36.200000	16.335124	8
8	663775099	1345685187	30.000000	-39.700000	-9.700000	-30.000000	36.200000	15.491537	8
9	663775099	23968374	30.000000	-39.700000	-9.700000	-30.000000	36.200000	15.385440	8
10	663775099	203243526	30.000000	-39.700000	-9.700000	-30.000000	36.200000	15.166357	8
11	663775099	1188903645	30.000000	-39.700000	-9.700000	-30.000000	36.200000	17.473634	8
12	663775099	2140918043	30.000000	-39.700000	-9.700000	-30.000000	36.200000	14.578543	8
13	663775099	1729062327	30.000000	-39.700000	-9.700000	-30.000000	36.200000	14.469491	8
14	663775099	1910154440	30.000000	-39.700000	-9.700000	-30.000000	36.200000	14.371777	8
15	663775099	1458064428	30.000000	-39.700000	-9.700000	-30.000000	36.200000	14.350249	8
16	663775099	1273830756	30.000000	-39.700000	-9.700000	-30.000000	36.200000	14.486964	8
17	663775099	866258362	30.000000	-39.700000	-9.700000	-30.000000	36.200000	14.395000	8
18	663775099	383775561	30.000000	-39.700000	-9.700000	-30.000000	36.200000	14.372651	8
19	663775099	278549359	30.000000	-39.700000	-9.700000	-30.000000	36.200000	15.268829	8
20	663775099	1368287844	30.000000	-39.700000	-9.700000	-30.000000	36.200000	13.950425	8
21	663775099	999440580	30.000000	-39.700000	-9.700000	-30.000000	36.200000	14.438050	8
22	663775099	1879180552	30.000000	-39.700000	-9.700000	-30.000000	36.200000	14.814516	8
23	663775099	1873711885	30.000000	-39.700000	-9.700000	-30.000000	36.200000	14.983536	8
24	663775099	629276605	30.000000	-39.700000	-9.700000	-30.000000	36.200000	15.103197	8
25	663775099	1147620425	30.000000	-39.700000	-9.700000	-30.000000	36.200000	16.049191	8
26	663775099	994213694	30.000000	-39.700000	-9.700000	-30.000000	36.200000	16.077700	8
27	663775099	49405886	30.000000	-39.700000	-9.700000	-30.000000	36.200000	19.078167	8
28	663775099	343407712	30.000000	-39.700000	-9.700000	-30.000000	36.200000	15.462486	8
29	663775099	1076264366	30.000000	-39.700000	-9.700000	-30.000000	36.200000	15.403768	8
30	663775099	873600331	30.000000	-39.700000	-9.700000	-30.000000	36.200000	15.437080	8
31	663775099	705738155	30.000000	-39.700000	-9.700000	-30.000000	36.200000	15.433765	8
32	663775099	19500913	30.000000	-39.700000	-9.700000	-30.000000	36.200000	15.200309	8
33	663775099	1222986632	30.000000	-39.700000	-9.700000	-30.000000	36.200000	14.954612	8
34	663775099	1876948223	30.000000	-39.700000	-9.700000	-30.000000	36.200000	15.092659	8
35	663775099	1587197564	30.000000	-39.700000	-9.700000	-30.000000	36.200000	17.561535	8
36	663775099	1907086848	30.000000	-39.700000	-9.700000	-30.000000	36.200000	16.532857	8
37	663775099	209676113	30.000000	-39.700000	-9.700000	-30.000000	36.200000	15.137678	8
38	663775099	544430362	30.000000	-39.700000	-9.700000	-30.000000	36.200000	15.756038	8
39	663775099	578850203	30.000000	-39.700000	-9.700000	-30.000000	36.200000	16.514790	8
40	663775099	1141334910	30.000000	-39.700000	-9.700000	-30.000000	36.200000	16.367922	8
41	663775099	33928792	30.000000	-39.700000	-9.700000	-30.000000	36.200000	16.347643	8
42	663775099	1277969592	30.000000	-39.700000	-9.700000	-30.000000	36.200000	15.805009	8
43	663775099	1374764580	30.000000	-39.700000	-9.700000	-30.000000	36.200000	17.061093	8
44	663775099	1593929559	30.000000	-39.700000	-9.700000	-30.000000	36.200000	14.781223	8
45	663775099	1782408	30.000000	-39.700000	-9.700000	-30.000000	36.200000	15.607939	8
46	663775099	317220531	30.000000	-39.700000	-9.700000	-30.000000	36.200000	15.489342	8
47	663775099	236705846	30.000000	-39.700000	-9.700000	-30.000000	36.200000	15.286229	8
48	663775099	77835879	30.000000	-39.700000	-9.700000	-30.000000	36.200000	15.494383	8
49	663775099	487896295	30.000000	-39.700000	-9.700000	-30.000000	36.200000	14.822968	8
0	585623259	1323282062	67.000000	-67.400000	-0.400000	-67.000000	36.200000	17.146747	11
1	585623259	854060904	67.000000	-67.400000	-0.400000	-67.000000	36.200000	17.001636	11
2	585623259	1760829378	67.000000	-67.400000	-0.400000	-67.000000	36.200000	22.280201	11
3	585623259	562544993	67.000000	-67.400000	-0.400000	-67.000000	36.200000	19.320095	11
4	585623259	821217006	67.000000	-67.400000	-0.400000	-67.000000	36.200000	19.431370	11
5	585623259	997275383	67.000000	-67.400000	-0.400000	-67.000000	36.200000	21.523677	11
6	585623259	284991831	67.000000	-67.400000	-0.400000	-67.000000	36.200000	19.043925	11
7	585623259	1194104134	67.000000	-67.400000	-0.400000	-67.000000	36.200000	18.994864	11
8	585623259	1388075168	67.000000	-67.400000	-0.400000	-67.000000	36.200000	21.848802	11
9	585623259	2068825976	67.000000	-67.400000	-0.400000	-67.000000	36.200000	19.869694	11
10	585623259	656911943	67.000000	-67.400000	-0.400000	-67.000000	36.200000	20.444208	11
11	585623259	1556579245	67.000000	-67.400000	-0.400000	-67.000000	36.200000	18.976000	11
12	585623259	96323300	67.000000	-67.400000	-0.400000	-67.000000	36.200000	18.733431	11
13	585623259	1007971077	67.000000	-67.400000	-0.400000	-67.000000	36.200000	19.086951	11
14	585623259	25997020	67.000000	-67.400000	-0.400000	-67.000000	36.200000	21.135900	11
15	585623259	1702824450	67.000000	-67.400000	-0.400000	-67.000000	36.200000	19.260932	11
16	585623259	643044015	67.000000	-67.400000	-0.400000	-67.000000	36.200000	19.422329	11
17	585623259	625624888	67.000000	-67.400000	-0.400000	-67.000000	36.200000	19.151849	11
18	585623259	1967179172	67.000000	-67.400000	-0.400000	-67.000000	36.200000	18.918520	11
19	585623259	1436182387	67.000000	-67.400000	-0.400000	-67.000000	36.200000	20.190969	11
20	585623259	1721519909	67.000000	-67.400000	-0.400000	-67.000000	36.200000	19.879500	11
21	585623259	1488941947	67.000000	-67.400000	-0.400000	-67.000000	36.200000	19.407376	11
22	585623259	2114280030	67.000000	-67.400000	-0.400000	-67.000000	36.200000	18.757918	11
23	585623259	578054052	67.000000	-67.400000	-0.400000	-67.000000	36.200000	18.833049	11
24	585623259	217677861	67.000000	-67.400000	-0.400000	-67.000000	36.200000	19.049621	11
25	585623259	1242642670	67.000000	-67.400000	-0.400000	-67.000000	36.200000	20.485721	11
26	585623259	1497795006	67.000000	-67.400000	-0.400000	-67.000000	36.200000	19.081186	11
27	585623259	1027888916	67.000000	-67.400000	-0.400000	-67.000000	36.200000	19.719300	11
28	585623259	1644224073	67.000000	-67.400000	-0.400000	-67.000000	36.200000	19.113151	11
29	585623259	122222954	67.000000	-67.400000	-0.400000	-67.000000	36.200000	22.575952	11
30	585623259	662601593	67.000000	-67.400000	-0.400000	-67.000000	36.200000	20.741945	11
31	585623259	509222135	67.000000	-67.400000	-0.400000	-67.000000	36.200000	20.814653	11
32	585623259	1563526328	67.000000	-67.400000	-0.400000	-67.000000	36.200000	19.427325	11
33	585623259	888585968	67.000000	-67.400000	-0.400000	-67.000000	36.200000	21.424828	11
34	585623259	347256738	67.000000	-67.400000	-0.400000	-67.000000	36.200000	19.027646	11
35	585623259	1024098155	67.000000	-67.400000	-0.400000	-67.000000	36.200000	18.789693	11
36	585623259	1199343177	67.000000	-67.400000	-0.400000	-67.000000	36.200000	19.176052	11
37	585623259	14054072	67.000000	-67.400000	-0.400000	-67.000000	36.200000	22.507528	11
38	585623259	174073737	67.000000	-67.400000	-0.400000	-67.000000	36.200000	19.045717	11
39	585623259	992513749	67.000000	-67.400000	-0.400000	-67.000000	36.200000	21.641596	11
40	585623259	105016072	67.000000	-67.400000	-0.400000	-67.000000	36.200000	20.762509	11
41	585623259	1118616735	67.000000	-67.400000	-0.400000	-67.000000	36.200000	19.419139	11
42	585623259	46878443	67.000000	-67.400000	-0.400000	-67.000000	36.200000	19.268761	11
43	585623259	696858666	67.000000	-67.400000	-0.400000	-67.000000	36.200000	21.052835	11
44	585623259	285938919	67.000000	-67.400000	-0.400000	-67.000000	36.200000	18.381146	11
45	585623259	1806207477	67.000000	-67.400000	-0.400000	-67.000000	36.200000	18.352996	11
46	585623259	1061761395	67.000000	-67.400000	-0.400000	-67.000000	36.200000	18.219946	11
47	585623259	497942877	67.000000	-67.400000	-0.400000	-67.000000	36.200000	17.851531	11
48	585623259	937233827	67.000000	-67.400000	-0.400000	-67.000000	36.200000	17.490621	11
49	585623259	1094073749	67.000000	-67.400000	-0.400000	-67.000000	36.200000	18.023065	11
0	880267106	350257833	38.000000	-35.400000	2.600000	-38.000000	20.400000	6.482186	5
1	880267106	1725849496	38.000000	-35.400000	2.600000	-38.000000	20.400000	6.040278	5
2	880267106	664773382	38.000000	-35.400000	2.600000	-38.000000	20.400000	6.162986	5
3	880267106	1903864196	38.000000	-35.400000	2.600000	-38.000000	20.400000	6.340399	5
4	880267106	508303380	38.000000	-35.400000	2.600000	-38.000000	20.400000	6.155426	5
5	880267106	1976118232	38.000000	-35.400000	2.600000	-38.000000	20.400000	7.776443	5
6	880267106	2040705063	38.000000	-35.400000	2.600000	-38.000000	20.400000	6.030537	5
7	880267106	1932106457	38.000000	-35.400000	2.600000	-38.000000	20.400000	6.523208	5
8	880267106	1570044420	38.000000	-35.400000	2.600000	-38.000000	20.400000	6.086690	5
9	880267106	320281657	38.000000	-35.400000	2.600000	-38.000000	20.400000	6.028015	5
10	880267106	1444580316	38.000000	-35.400000	2.600000	-38.000000	20.400000	6.368769	5
11	880267106	865194155	38.000000	-35.400000	2.600000	-38.000000	20.400000	5.972177	5
12	880267106	1705133783	38.000000	-35.400000	2.600000	-38.000000	20.400000	6.534090	5
13	880267106	1609591353	38.000000	-35.400000	2.600000	-38.000000	20.400000	5.987871	5
14	880267106	1218748100	38.000000	-35.400000	2.600000	-38.000000	20.400000	6.013593	5
15	880267106	443213727	38.000000	-35.400000	2.600000	-38.000000	20.400000	6.136590	5
16	880267106	748589031	38.000000	-35.400000	2.600000	-38.000000	20.400000	7.531617	5
17	880267106	241643442	38.000000	-35.400000	2.600000	-38.000000	20.400000	6.397282	5
18	880267106	1296928226	38.000000	-35.400000	2.600000	-38.000000	20.400000	6.232087	5
19	880267106	2032264705	38.000000	-35.400000	2.600000	-38.000000	20.400000	6.826327	5
20	880267106	335500633	38.000000	-35.400000	2.600000	-38.000000	20.400000	6.141406	5
21	880267106	794391497	38.000000	-35.400000	2.600000	-38.000000	20.400000	5.992438	5
22	880267106	248326431	38.000000	-35.400000	2.600000	-38.000000	20.400000	6.630496	5
23	880267106	549903750	38.000000	-35.400000	2.600000	-38.000000	20.400000	6.078390	5
24	880267106	659073090	38.000000	-35.400000	2.600000	-38.000000	20.400000	6.150370	5
25	880267106	1292869840	38.000000	-35.400000	2.600000	-38.000000	20.400000	6.209168	5
26	880267106	2048459355	38.000000	-35.400000	2.600000	-38.000000	20.400000	6.105668	5
27	880267106	1528132566	38.000000	-35.400000	2.600000	-38.000000	20.400000	6.531847	5
28	880267106	233437010	38.000000	-35.400000	2.600000	-38.000000	20.400000	6.073944	5
29	880267106	1992056937	38.000000	-35.400000	2.600000	-38.000000	20.400000	6.987896	5
30	880267106	1819979031	38.000000	-35.400000	2.600000	-38.000000	20.400000	6.032486	5
31	880267106	1745704039	38.000000	-35.400000	2.600000	-38.000000	20.400000	5.971695	5
32	880267106	2066809149	38.000000	-35.400000	2.600000	-38.000000	20.400000	6.518147	5
33	880267106	1621287400	38.000000	-35.400000	2.600000	-38.000000	20.400000	6.087434	5
34	880267106	1509336518	38.000000	-35.400000	2.600000	-38.000000	20.400000	7.261084	5
35	880267106	2066712966	38.000000	-35.400000	2.600000	-38.000000	20.400000	6.043567	5
36	880267106	1777332180	38.000000	-35.400000	2.600000	-38.000000	20.400000	6.029994	5
37	880267106	273188667	38.000000	-35.400000	2.600000	-38.000000	20.400000	6.178869	5
38	880267106	1450238248	38.000000	-35.400000	2.600000	-38.000000	20.400000	5.959798	5
39	880267106	555072945	38.000000	-35.400000	2.600000	-38.000000	20.400000	6.247356	5
40	880267106	672373687	38.000000	-35.400000	2.600000	-38.000000	20.400000	5.947493	5
41	880267106	867629422	38.000000	-35.400000	2.600000	-38.000000	20.400000	7.169865	5
42	880267106	1822163618	38.000000	-35.400000	2.600000	-38.000000	20.400000	6.079497	5
43	880267106	2008573070	38.000000	-35.400000	2.600000	-38.000000	20.400000	5.961063	5
44	880267106	554104752	38.000000	-35.400000	2.600000	-38.000000	20.400000	6.773509	5
45	880267106	1047766810	38.000000	-35.400000	2.600000	-38.000000	20.400000	6.057718	5
46	880267106	576732321	38.000000	-35.400000	2.600000	-38.000000	20.400000	6.725015	5
47	880267106	962120815	38.000000	-35.400000	2.600000	-38.000000	20.400000	6.245538	5
48	880267106	1952490347	38.000000	-35.400000	2.600000	-38.000000	20.400000	6.139188	5
49	880267106	913418463	38.000000	-35.400000	2.600000	-38.000000	20.400000	8.908785	5
