-108.4
-134.0
-140.5
-139.0
-125.3
-122.9
-117.3
-117.3
-88.2
-105.7
-81.7
-81.7
-67.3
-67.3
-46.199999999999996
-63.0
-44.0
-44.0
-44.8
-57.5
-56.5
-56.5
-56.5
-78.3
-78.3
-78.3
-78.3
-100.0
-102.0
-102.0
-121.7
-123.5
-123.5
-123.5
-82.1
-89.6
-89.6
-77.0
-77.0
-45.8
-82.0
-82.0
-114.3
-112.7
-121.2
-121.2
-85.0
-101.6
-88.0
-86.4
-60.199999999999996
-50.99999999999999
-27.599999999999994
-28.89999999999999
-28.89999999999999
-32.69999999999999
-30.79999999999999
-30.79999999999999
-41.3
-28.4
-67.4
-62.9
-61.699999999999996
-75.30000000000001
-75.30000000000001
-75.30000000000001
-74.9
-74.9
-76.1
-100.3
-73.19999999999999
-56.099999999999994
-56.099999999999994
-59.7
-60.2
-62.7
-62.7
-87.9
-87.9
-112.8
-114.69999999999999
-80.9
-80.9
-101.9
-96.89999999999999
-96.89999999999999
-96.89999999999999
-61.8
-62.8
-62.8
-62.8
-56.69999999999999
-36.19999999999999
-36.19999999999999
-36.19999999999999
-36.19999999999999
-36.19999999999999
-45.599999999999994
-45.599999999999994
-45.599999999999994
-44.599999999999994
-43.39999999999999
-43.39999999999999
-43.39999999999999
-43.39999999999999
-45.89999999999999
-48.699999999999996
-24.599999999999994
-24.599999999999994
-24.599999999999994
-24.599999999999994
-24.599999999999994
-48.5
-48.5
-60.0
-60.0
-57.6
-65.19999999999999
-65.19999999999999
-65.19999999999999
-65.19999999999999
-60.3
-36.5
-34.1
-34.1
-29.4
-29.4
-29.4
-49.1
-49.1
-69.30000000000001
-49.1
-49.1
-49.1
-28.1
-28.1
-42.300000000000004
-43.300000000000004
-33.6
-33.6
-36.4
-42.1
-42.1
-42.1
-42.1
-49.1
-49.1
-49.1
-49.1
-49.1
-48.5
-48.5
-48.5
-30.299999999999997
-30.299999999999997
-30.299999999999997
-33.9
-33.9
-58.300000000000004
-58.300000000000004
-39.6
-39.6
-36.800000000000004
-36.800000000000004
-36.800000000000004
-35.9
-35.9
-35.699999999999996
-35.5
-35.5
-35.5
-39.400000000000006
-39.400000000000006
-20.800000000000004
-20.800000000000004
-20.800000000000004
-20.800000000000004
-20.800000000000004
-24.300000000000004
-22.0
-22.0
-28.700000000000003
-28.700000000000003
-44.9
-53.4
-53.4
-40.0
-40.0
-43.89999999999999
-43.89999999999999
-43.89999999999999
-19.199999999999996
-19.199999999999996
-6.300000000000001
-6.300000000000001
-11.5
-11.5
-12.799999999999997
-12.799999999999997
-12.799999999999997
-12.799999999999997
-7.599999999999998
-5.099999999999998
-3.400000000000002
-3.400000000000002
-9.599999999999998
-9.8
-9.8
-9.8
-5.5000000000000036
-5.5000000000000036
-5.5000000000000036
-13.5
-13.5
-13.5
-12.0
-12.0
-9.400000000000002
-9.0
-9.0
-16.200000000000003
-18.700000000000003
-21.0
-21.0
-21.0
-21.0
-14.399999999999999
-12.0
-34.2
-34.2
-34.2
-34.2
-37.599999999999994
-72.9
-49.5
-49.5
-52.0
-50.0
-48.3
-48.3
-48.3
-48.3
-25.299999999999997
-25.299999999999997
-30.699999999999996
-30.699999999999996
-30.699999999999996
-54.0
-29.0
-51.9
-41.1
-41.1
-39.699999999999996
-17.599999999999994
-17.599999999999994
-17.599999999999994
-17.599999999999994
-15.199999999999996
-12.199999999999996
-5.699999999999996
-5.699999999999996
-9.599999999999994
-9.599999999999994
-40.3
-28.9
-47.199999999999996
-47.199999999999996
-47.199999999999996
-47.199999999999996
-42.199999999999996
-37.199999999999996
-37.199999999999996
-20.499999999999993
-6.899999999999999
-3.700000000000003
-3.700000000000003
-2.6000000000000014
-2.6000000000000014
-7.0
-5.100000000000001
-5.100000000000001
-18.800000000000004
-18.800000000000004
-28.700000000000003
-28.700000000000003
-28.700000000000003
-28.700000000000003
-51.4
-51.4
-51.4
-19.5
-19.5
-19.5
-19.5
-19.5
-19.5
-19.5
-11.2
-11.2
-11.2
-0.8000000000000007
-0.8000000000000007
-0.8000000000000007
-0.8000000000000007
5.199999999999999
7.899999999999999
7.399999999999999
9.5
-0.3999999999999986
-0.3999999999999986
-12.600000000000001
-17.400000000000006
-17.400000000000006
-17.400000000000006
-17.400000000000006
-17.400000000000006
-4.0
-3.8000000000000043
-0.5
-0.5
-2.1999999999999957
-4.799999999999997
-4.799999999999997
-4.799999999999997
-4.799999999999997
-4.799999999999997
-4.799999999999997
-4.799999999999997
-4.799999999999997
-4.799999999999997
-2.499999999999993
-2.499999999999993
-2.499999999999993
-2.499999999999993
-2.499999999999993
-2.499999999999993
-2.499999999999993
-2.499999999999993
-2.499999999999993
-2.499999999999993
-2.499999999999993
-9.199999999999996
-9.199999999999996
-9.199999999999996
-9.199999999999996
-11.699999999999996
-14.899999999999999
-14.899999999999999
-14.899999999999999
-14.899999999999999
-14.899999999999999
-11.100000000000001
-11.100000000000001
-11.100000000000001
-11.100000000000001
-11.100000000000001
-11.100000000000001
-11.100000000000001
-11.700000000000003
-11.700000000000003
-11.700000000000003
-11.700000000000003
-11.700000000000003
-8.700000000000003
-12.0
-12.0
-12.0
-12.0
-12.0
-18.9
-18.9
-31.699999999999996
-31.699999999999996
-31.699999999999996
-31.699999999999996
-31.699999999999996
-16.999999999999996
-16.999999999999996
-16.999999999999996
-16.6
-16.6
-16.6
-22.1
-26.9
-29.500000000000007
-29.500000000000007
-28.700000000000003
-28.700000000000003
-28.700000000000003
-28.700000000000003
-28.700000000000003
-28.700000000000003
-32.2
-39.800000000000004
-39.800000000000004
-39.800000000000004
-18.4
-18.4
-20.4
-20.4
-13.199999999999996
-1.3999999999999986
-1.3999999999999986
13.399999999999999
13.399999999999999
13.399999999999999
13.399999999999999
13.399999999999999
13.399999999999999
13.399999999999999
13.399999999999999
13.399999999999999
14.699999999999996
14.699999999999996
14.699999999999996
14.699999999999996
14.699999999999996
14.699999999999996
14.699999999999996
14.699999999999996
14.699999999999996
14.699999999999996
14.699999999999996
14.699999999999996
14.699999999999996
14.699999999999996
14.699999999999996
14.699999999999996
16.200000000000003
16.200000000000003
16.200000000000003
16.200000000000003
16.200000000000003
16.200000000000003
16.200000000000003
16.200000000000003
4.0
4.0
4.0
4.0
4.0
3.5
3.5
3.5
3.5
3.5
0.0
0.0
0.0
5.600000000000001
5.600000000000001
5.600000000000001
5.600000000000001
5.600000000000001
5.600000000000001
5.600000000000001
5.600000000000001
5.600000000000001
5.600000000000001
5.600000000000001
5.600000000000001
5.600000000000001
5.600000000000001
5.600000000000001
5.600000000000001
13.0
13.0
13.0
13.0
15.700000000000003
15.700000000000003
15.700000000000003
15.700000000000003
16.9
16.9
16.9
16.9
16.9
16.9
16.9
16.9
16.9
13.699999999999996
13.699999999999996
13.699999999999996
13.699999999999996
13.699999999999996
13.699999999999996
13.699999999999996
13.699999999999996
10.299999999999997
10.299999999999997
10.299999999999997
2.6999999999999957
2.6999999999999957
2.6999999999999957
2.6999999999999957
2.6999999999999957
2.6999999999999957
2.6999999999999957
2.6999999999999957
2.6999999999999957
5.299999999999997
5.299999999999997
5.299999999999997
5.299999999999997
5.299999999999997
1.1000000000000014
1.1000000000000014
1.0
1.0
1.0
1.0
1.0
1.0
1.0
1.0
1.0
1.0
1.0
1.0
1.0
1.0
1.0
1.0
1.0
1.0
1.0
1.0
1.0
1.0
1.0
1.0
1.0
1.0
6.300000000000004
6.300000000000004
6.300000000000004
6.300000000000004
6.300000000000004
14.700000000000003
14.700000000000003
18.0
18.0
18.0
18.0
18.0
18.0
18.0
18.0
18.0
18.0
18.0
18.0
18.0
18.0
18.0
18.0
18.0
18.0
18.0
18.0
18.0
18.0
18.0
13.5
13.5
13.5
13.5
13.5
13.5
13.5
13.5
13.5
13.5
16.1
14.899999999999999
14.899999999999999
14.899999999999999
14.899999999999999
14.899999999999999
14.899999999999999
14.899999999999999
14.899999999999999
14.899999999999999
14.899999999999999
14.899999999999999
14.899999999999999
14.899999999999999
14.899999999999999
14.899999999999999
14.899999999999999
14.899999999999999
14.899999999999999
14.899999999999999
14.899999999999999
16.1
16.1
16.1
16.1
16.1
16.1
16.1
16.1
16.1
16.1
16.1
16.1
16.1
16.1
16.1
16.1
16.1
16.1
16.1
16.1
16.1
16.1
16.1
16.1
16.1
16.1
16.1
16.1
16.1
16.1
16.1
16.1
16.1
16.1
16.1
16.1
16.1
16.1
16.1
16.1
19.300000000000004
19.300000000000004
19.300000000000004
19.300000000000004
19.300000000000004
19.300000000000004
19.300000000000004
19.300000000000004
19.300000000000004
19.300000000000004
19.300000000000004
19.300000000000004
19.300000000000004
19.300000000000004
20.000000000000007
26.699999999999996
26.699999999999996
26.699999999999996
26.699999999999996
26.699999999999996
26.699999999999996
26.699999999999996
26.699999999999996
26.699999999999996
26.699999999999996
26.699999999999996
26.699999999999996
26.699999999999996
26.699999999999996
26.699999999999996
26.699999999999996
26.699999999999996
26.699999999999996
26.699999999999996
26.699999999999996
26.699999999999996
26.699999999999996
26.699999999999996
26.699999999999996
26.699999999999996
27.300000000000004
27.300000000000004
27.300000000000004
27.300000000000004
27.300000000000004
27.300000000000004
27.300000000000004
27.300000000000004
27.300000000000004
27.300000000000004
27.300000000000004
27.300000000000004
27.300000000000004
27.300000000000004
27.300000000000004
27.300000000000004
27.300000000000004
24.700000000000003
24.700000000000003
24.700000000000003
24.700000000000003
24.700000000000003
24.700000000000003
24.700000000000003
26.1
26.1
26.1
26.1
26.1
26.1
26.1
26.1
26.1
26.1
26.1
26.1
26.1
26.1
26.1
26.1
26.1
26.1
26.1
25.1
25.1
26.5
26.5
26.5
26.5
26.5
26.5
26.5
26.5
26.5
26.5
26.5
26.5
26.5
29.0
29.0
29.0
29.0
29.0
25.199999999999996
25.199999999999996
25.199999999999996
25.199999999999996
25.199999999999996
25.199999999999996
25.199999999999996
25.199999999999996
25.199999999999996
25.199999999999996
25.199999999999996
25.199999999999996
25.199999999999996
25.199999999999996
25.199999999999996
25.199999999999996
25.199999999999996
25.199999999999996
25.199999999999996
25.199999999999996
25.199999999999996
25.199999999999996
25.199999999999996
25.199999999999996
25.199999999999996
25.199999999999996
25.199999999999996
25.199999999999996
25.199999999999996
25.199999999999996
25.199999999999996
25.199999999999996
25.199999999999996
25.199999999999996
25.199999999999996
25.199999999999996
25.199999999999996
25.199999999999996
25.199999999999996
25.199999999999996
25.199999999999996
25.199999999999996
25.199999999999996
25.199999999999996
25.199999999999996
25.199999999999996
25.199999999999996
25.199999999999996
25.199999999999996
25.199999999999996
25.199999999999996
25.199999999999996
25.199999999999996
25.199999999999996
25.199999999999996
25.199999999999996
25.199999999999996
25.199999999999996
25.199999999999996
25.199999999999996
25.199999999999996
25.199999999999996
25.199999999999996
25.199999999999996
25.199999999999996
25.199999999999996
25.199999999999996
25.199999999999996
25.199999999999996
25.199999999999996
25.199999999999996
25.199999999999996
25.199999999999996
25.199999999999996
25.199999999999996
25.199999999999996
25.199999999999996
25.199999999999996
25.199999999999996
25.199999999999996
25.199999999999996
25.199999999999996
25.199999999999996
25.199999999999996
25.199999999999996
25.199999999999996
25.199999999999996
25.199999999999996
25.199999999999996
25.199999999999996
25.199999999999996
25.199999999999996
25.199999999999996
25.199999999999996
25.199999999999996
25.199999999999996
25.199999999999996
25.199999999999996
25.199999999999996
25.199999999999996
25.199999999999996
25.199999999999996
25.199999999999996
25.199999999999996
25.199999999999996
25.199999999999996
25.199999999999996
25.199999999999996
25.199999999999996
25.199999999999996
25.199999999999996
25.199999999999996
25.199999999999996
25.199999999999996
25.199999999999996
25.199999999999996
25.199999999999996
25.199999999999996
25.199999999999996
25.199999999999996
25.199999999999996
25.199999999999996
25.199999999999996
25.199999999999996
25.199999999999996
25.199999999999996
25.199999999999996
25.199999999999996
25.199999999999996
25.199999999999996
25.199999999999996
25.199999999999996
25.199999999999996
25.199999999999996
25.199999999999996
25.199999999999996
25.199999999999996
25.199999999999996
25.199999999999996
25.199999999999996
25.199999999999996
25.199999999999996
25.199999999999996
25.199999999999996
25.199999999999996
25.199999999999996
25.199999999999996
25.199999999999996
25.199999999999996
25.199999999999996
25.199999999999996
25.199999999999996
25.199999999999996
25.199999999999996
25.199999999999996
25.199999999999996
25.199999999999996
25.199999999999996
25.199999999999996
25.199999999999996
25.199999999999996
25.199999999999996
25.199999999999996
25.199999999999996
25.199999999999996
25.199999999999996
25.199999999999996
25.199999999999996
25.199999999999996
25.199999999999996
25.199999999999996
25.199999999999996
25.199999999999996
25.199999999999996
25.199999999999996
25.199999999999996
25.199999999999996
25.199999999999996
25.199999999999996
25.199999999999996
25.199999999999996
25.199999999999996
25.199999999999996
25.199999999999996
25.199999999999996
25.199999999999996
25.199999999999996
25.199999999999996
24.799999999999997
24.799999999999997
24.799999999999997
24.799999999999997
24.799999999999997
24.799999999999997
24.799999999999997
24.799999999999997
24.799999999999997
24.799999999999997
24.799999999999997
24.799999999999997
24.799999999999997
24.799999999999997
24.799999999999997
33.6
33.6
33.6
33.6
33.6
33.6
33.6
33.6
33.6
33.6
33.6
33.6
33.6
33.6
33.6
33.6
33.6
33.6
33.6
33.6
33.6
33.6
33.6
33.6
33.6
33.6
33.6
33.6
33.6
33.6
33.6
33.6
33.6
33.6
33.6
33.6
33.6
33.6
33.6
33.6
33.6
33.6
33.6
33.6
33.6
36.7
36.7
36.7
36.7
36.7
36.7
36.7
36.7
36.7
36.7
36.7
36.7
36.7
36.7
36.7
36.7
36.7
36.7
36.7
36.7
36.7
36.7
36.7
36.7
36.7
36.7
36.7
36.7
36.7
36.7
36.7
36.7
36.7
36.7
36.7
36.7
36.7
36.7
36.7
36.7
36.7
36.7
36.7
36.7
36.7
36.7
36.7
36.7
36.7
36.7
36.7
36.7
36.7
36.7
36.7
36.7
36.7
36.7
36.7
36.7
36.7
36.7
36.7
36.7
36.7
36.7
36.7
36.7
36.7
36.7
36.7
36.7
36.7
36.7
36.7
36.7
36.7
36.7
36.7
36.7
36.7
33.4
33.4
33.4
33.4
33.4
33.4
33.4
33.4
33.4
33.4
33.4
33.4
33.4
33.4
33.4
33.4
35.7
35.7
35.7
35.7
35.7
35.7
35.7
35.7
35.7
35.7
35.7
35.7
35.7
35.7
35.7
35.7
35.7
35.7
35.7
35.7
35.7
35.7
35.7
35.7
35.7
35.7
35.7
35.7
35.7
35.7
35.7
35.7
35.7
35.7
35.7
30.300000000000004
30.300000000000004
30.300000000000004
30.300000000000004
30.300000000000004
30.300000000000004
30.300000000000004
30.300000000000004
30.300000000000004
30.300000000000004
30.300000000000004
30.300000000000004
30.300000000000004
30.300000000000004
30.300000000000004
30.300000000000004
30.300000000000004
30.300000000000004
30.300000000000004
28.900000000000006
28.900000000000006
28.900000000000006
28.900000000000006
28.900000000000006
28.900000000000006
28.900000000000006
28.900000000000006
28.900000000000006
28.900000000000006
28.900000000000006
28.900000000000006
29.6
29.6
29.6
29.6
29.6
29.6
30.800000000000004
30.800000000000004
30.800000000000004
30.800000000000004
30.800000000000004
30.800000000000004
30.800000000000004
30.800000000000004
30.800000000000004
30.800000000000004
30.800000000000004
30.800000000000004
30.800000000000004
30.800000000000004
30.800000000000004
30.800000000000004
30.800000000000004
30.800000000000004
30.800000000000004
30.800000000000004
30.800000000000004
30.800000000000004
30.800000000000004
30.800000000000004
30.800000000000004
30.800000000000004
30.800000000000004
30.800000000000004
30.800000000000004
30.800000000000004
30.800000000000004
30.800000000000004
30.800000000000004
30.800000000000004
30.800000000000004
30.800000000000004
30.800000000000004
30.800000000000004
30.800000000000004
30.800000000000004
30.800000000000004
30.800000000000004
30.800000000000004
30.800000000000004
30.800000000000004
30.800000000000004
30.800000000000004
30.800000000000004
30.800000000000004
33.800000000000004
33.800000000000004
33.800000000000004
33.800000000000004
33.800000000000004
33.800000000000004
33.800000000000004
33.800000000000004
33.800000000000004
33.800000000000004
33.800000000000004
33.800000000000004
33.800000000000004
33.800000000000004
33.800000000000004
33.800000000000004
33.800000000000004
33.800000000000004
33.800000000000004
33.800000000000004
33.800000000000004
26.400000000000006
26.400000000000006
26.400000000000006
26.400000000000006
26.400000000000006
26.400000000000006
26.400000000000006
24.900000000000006
24.900000000000006
24.900000000000006
24.900000000000006
24.900000000000006
24.900000000000006
24.900000000000006
24.900000000000006
24.900000000000006
24.900000000000006
24.900000000000006
24.900000000000006
24.900000000000006
24.900000000000006
24.900000000000006
24.900000000000006
24.900000000000006
24.900000000000006
24.900000000000006
24.900000000000006
24.900000000000006
24.900000000000006
24.900000000000006
24.900000000000006
24.900000000000006
24.900000000000006
24.900000000000006
24.900000000000006
24.900000000000006
24.900000000000006
24.900000000000006
24.900000000000006
24.900000000000006
24.900000000000006
24.900000000000006
24.900000000000006
24.900000000000006
24.900000000000006
24.900000000000006
24.900000000000006
24.900000000000006
24.900000000000006
24.900000000000006
24.900000000000006
24.900000000000006
24.900000000000006
24.900000000000006
24.900000000000006
24.900000000000006
24.900000000000006
24.900000000000006
24.900000000000006
24.900000000000006
24.900000000000006
24.900000000000006
24.900000000000006
24.900000000000006
24.900000000000006
24.900000000000006
24.900000000000006
24.900000000000006
24.900000000000006
24.900000000000006
24.900000000000006
24.900000000000006
24.900000000000006
24.900000000000006
24.900000000000006
24.900000000000006
24.900000000000006
24.900000000000006
24.900000000000006
24.900000000000006
24.900000000000006
24.900000000000006
24.900000000000006
24.900000000000006
24.900000000000006
24.900000000000006
24.900000000000006
24.900000000000006
24.900000000000006
24.900000000000006
24.900000000000006
24.900000000000006
24.900000000000006
24.900000000000006
24.900000000000006
24.900000000000006
24.900000000000006
24.900000000000006
24.900000000000006
24.900000000000006
24.900000000000006
24.900000000000006
24.900000000000006
24.900000000000006
24.900000000000006
24.900000000000006
24.900000000000006
24.900000000000006
24.900000000000006
24.900000000000006
24.900000000000006
24.900000000000006
24.900000000000006
24.900000000000006
24.900000000000006
24.900000000000006
24.900000000000006
24.900000000000006
24.900000000000006
24.900000000000006
24.900000000000006
24.900000000000006
24.900000000000006
24.900000000000006
24.900000000000006
24.900000000000006
24.900000000000006
24.900000000000006
24.900000000000006
24.900000000000006
24.900000000000006
24.900000000000006
24.900000000000006
24.900000000000006
11.100000000000009
11.100000000000009
11.100000000000009
11.100000000000009
