-3.2
-3.2
7.2
7.2
-33.5
-40.8
-40.8
-47.2
-43.5
-51.400000000000006
-55.400000000000006
-52.6
-60.1
-60.1
-60.1
-56.0
-56.0
-56.0
-18.200000000000003
-18.200000000000003
-18.200000000000003
-3.6000000000000014
-3.6000000000000014
-10.600000000000001
-13.5
-22.299999999999997
-22.299999999999997
-22.299999999999997
-32.199999999999996
-21.599999999999994
-17.599999999999994
-20.099999999999994
-20.099999999999994
-12.799999999999997
-12.799999999999997
-19.199999999999996
-19.199999999999996
-19.199999999999996
-37.599999999999994
-37.599999999999994
-37.599999999999994
-37.599999999999994
-37.599999999999994
-37.599999999999994
-37.599999999999994
-37.599999999999994
-26.499999999999996
-24.599999999999998
-24.599999999999998
-24.599999999999998
-24.599999999999998
-18.4
-18.4
-52.2
-52.2
-52.2
-52.2
-52.2
-53.4
-40.599999999999994
-40.599999999999994
-45.8
-45.8
-49.3
-49.3
-49.3
-55.699999999999996
-55.699999999999996
-55.8
-16.299999999999997
-16.299999999999997
-20.800000000000004
-21.200000000000003
-31.9
-31.9
-31.5
-31.5
-31.5
-31.5
-38.5
-39.8
-47.8
-42.9
-42.9
-42.7
-52.0
-44.6
-35.800000000000004
-35.800000000000004
-31.5
-27.900000000000006
-36.1
-22.0
-14.299999999999997
-14.299999999999997
-14.299999999999997
-14.299999999999997
-12.5
-12.5
-12.5
-12.5
-26.5
-23.200000000000003
-30.0
-31.200000000000003
-39.0
-42.199999999999996
-38.199999999999996
-44.8
-44.8
-44.8
-44.8
-44.8
-39.8
-49.8
-45.599999999999994
-45.599999999999994
-45.599999999999994
-45.599999999999994
-45.599999999999994
-49.699999999999996
-53.4
-53.4
-53.4
-53.4
-49.0
-29.1
-29.1
-30.799999999999997
-35.099999999999994
-32.1
-25.300000000000004
-25.300000000000004
-15.000000000000007
-22.500000000000007
-22.500000000000007
-26.500000000000007
-26.500000000000007
-29.10000000000001
-29.10000000000001
-54.000000000000014
-54.000000000000014
-47.6
-32.400000000000006
-32.400000000000006
-25.900000000000006
-27.699999999999996
-32.9
-32.9
-38.699999999999996
-38.699999999999996
-38.699999999999996
-46.69999999999999
-46.69999999999999
-46.69999999999999
-46.69999999999999
-46.69999999999999
-49.30000000000001
-39.400000000000006
-34.800000000000004
-38.800000000000004
-38.800000000000004
-38.800000000000004
-38.800000000000004
-38.800000000000004
-38.800000000000004
-38.800000000000004
-28.800000000000004
-28.800000000000004
-31.0
-31.0
-34.9
-28.5
-22.1
-32.1
-32.1
-38.699999999999996
-47.199999999999996
-42.4
-29.0
-6.399999999999999
-20.499999999999993
-20.499999999999993
-35.49999999999999
-35.49999999999999
-35.49999999999999
-35.49999999999999
-51.49999999999999
-51.49999999999999
-51.699999999999996
-50.699999999999996
-50.699999999999996
-40.0
-37.9
-37.9
-37.9
-34.8
-34.8
-42.8
-42.8
-42.8
-48.9
-47.0
-47.0
-47.0
-47.0
-47.0
-47.0
-47.0
-45.9
-45.9
-45.9
-45.9
-45.9
-35.0
-32.60000000000001
-32.60000000000001
-32.60000000000001
-32.60000000000001
-32.60000000000001
-24.400000000000006
-24.400000000000006
-24.400000000000006
-21.0
-23.4
-31.4
-39.099999999999994
-39.099999999999994
-36.79999999999999
-36.79999999999999
-21.9
-21.9
-21.9
-16.6
-16.6
-16.6
-16.6
-16.6
-16.6
-16.6
-22.199999999999996
-22.199999999999996
-27.10000000000001
-29.200000000000003
-29.200000000000003
-29.200000000000003
-29.200000000000003
-29.200000000000003
-27.10000000000001
-27.10000000000001
-27.10000000000001
-27.10000000000001
-25.800000000000004
-25.800000000000004
-22.999999999999993
-18.199999999999996
-18.199999999999996
-19.699999999999996
-19.699999999999996
-4.699999999999996
-4.699999999999996
-4.699999999999996
-4.699999999999996
-4.699999999999996
-7.799999999999997
-7.799999999999997
-8.799999999999997
-6.899999999999999
-6.899999999999999
-0.5
-0.5
-11.700000000000003
-11.700000000000003
-7.700000000000003
-7.700000000000003
-7.700000000000003
-7.700000000000003
-7.700000000000003
-7.700000000000003
-11.799999999999997
-11.799999999999997
-11.799999999999997
-11.5
-11.5
-11.5
-11.5
-7.0
-5.899999999999999
-18.599999999999994
-18.599999999999994
-14.799999999999997
-14.799999999999997
-10.899999999999999
-10.899999999999999
-10.899999999999999
-10.899999999999999
-10.899999999999999
-10.899999999999999
-10.899999999999999
-14.799999999999997
-14.799999999999997
-14.799999999999997
-14.799999999999997
-14.799999999999997
-17.0
-17.0
-17.0
-12.399999999999991
-12.399999999999991
-12.399999999999991
-12.399999999999991
-12.399999999999991
-19.599999999999994
-19.599999999999994
-19.200000000000003
-19.200000000000003
-19.200000000000003
-19.200000000000003
-19.200000000000003
-19.200000000000003
-19.200000000000003
-19.200000000000003
-19.200000000000003
-19.200000000000003
-21.299999999999997
-21.299999999999997
-21.299999999999997
-21.299999999999997
-22.299999999999997
-22.299999999999997
-22.299999999999997
-22.299999999999997
-22.299999999999997
-22.299999999999997
-22.299999999999997
-22.299999999999997
-22.299999999999997
-22.299999999999997
-22.299999999999997
-22.299999999999997
-22.299999999999997
-22.299999999999997
-22.299999999999997
-22.299999999999997
-27.599999999999994
-22.599999999999994
-22.599999999999994
-20.89999999999999
-20.89999999999999
-22.799999999999997
-20.39999999999999
-15.299999999999997
-15.299999999999997
-15.299999999999997
-15.299999999999997
-15.299999999999997
-15.299999999999997
-1.7000000000000028
-1.7000000000000028
0.8999999999999986
0.8999999999999986
0.8999999999999986
0.8999999999999986
0.8999999999999986
0.8999999999999986
0.8999999999999986
-1.8999999999999986
-1.8999999999999986
-1.8999999999999986
-1.8999999999999986
-1.8999999999999986
-1.8999999999999986
-1.8999999999999986
-1.8999999999999986
-1.8999999999999986
-1.8999999999999986
-1.8999999999999986
-1.8999999999999986
-1.8999999999999986
-1.8999999999999986
-1.8999999999999986
-2.8999999999999986
-2.8999999999999986
-2.8999999999999986
-2.8999999999999986
-2.8999999999999986
-2.8999999999999986
-2.8999999999999986
-2.8999999999999986
-1.7999999999999972
-20.0
-20.0
-17.5
-26.10000000000001
-26.10000000000001
-26.10000000000001
-26.10000000000001
-26.10000000000001
-26.10000000000001
-26.10000000000001
-26.10000000000001
-26.10000000000001
-26.10000000000001
-26.10000000000001
-26.10000000000001
-26.10000000000001
-26.10000000000001
-26.10000000000001
-26.10000000000001
-26.10000000000001
-26.10000000000001
-23.300000000000004
-23.300000000000004
-23.300000000000004
-23.300000000000004
-23.300000000000004
-23.300000000000004
-23.300000000000004
-23.300000000000004
-23.300000000000004
-23.300000000000004
-23.300000000000004
-23.300000000000004
-23.300000000000004
-23.300000000000004
-23.300000000000004
-23.300000000000004
-23.300000000000004
-23.300000000000004
-23.300000000000004
-23.300000000000004
-23.300000000000004
-23.300000000000004
-14.699999999999996
-14.699999999999996
-13.399999999999999
-13.399999999999999
-13.399999999999999
-13.399999999999999
-13.399999999999999
-13.399999999999999
-13.399999999999999
-13.399999999999999
-13.399999999999999
-13.399999999999999
-13.399999999999999
-13.399999999999999
-16.500000000000007
-16.500000000000007
-6.5
-6.5
-6.5
-6.5
-6.5
-6.5
-6.5
-6.5
-6.5
-6.5
-6.5
-10.300000000000004
-10.300000000000004
-12.100000000000001
-12.100000000000001
-12.100000000000001
-12.100000000000001
-12.100000000000001
-12.100000000000001
-12.100000000000001
-12.100000000000001
-24.69999999999999
-26.69999999999999
-26.69999999999999
-26.69999999999999
-26.69999999999999
-26.69999999999999
-26.69999999999999
-23.69999999999999
-27.099999999999994
-27.099999999999994
-27.099999999999994
-27.099999999999994
-27.099999999999994
-27.099999999999994
-27.099999999999994
-27.099999999999994
-27.099999999999994
-27.099999999999994
-27.099999999999994
-27.099999999999994
-27.099999999999994
-27.099999999999994
-27.099999999999994
-27.099999999999994
-27.099999999999994
-27.099999999999994
-27.099999999999994
-27.099999999999994
-27.099999999999994
-22.099999999999994
-22.099999999999994
-22.099999999999994
-22.69999999999999
-22.69999999999999
-22.69999999999999
-22.69999999999999
-27.89999999999999
-27.89999999999999
-27.89999999999999
-33.3
-33.3
-33.3
-33.3
-33.3
-44.7
-44.7
-43.5
-43.5
-43.5
-43.5
-43.5
-43.5
-43.5
-32.400000000000006
-32.400000000000006
-32.400000000000006
-32.400000000000006
-32.400000000000006
-29.900000000000006
-29.900000000000006
-29.900000000000006
-28.900000000000006
-28.900000000000006
-28.900000000000006
-28.900000000000006
-28.900000000000006
-28.900000000000006
-28.900000000000006
-28.900000000000006
-28.900000000000006
-28.900000000000006
-19.6
-19.6
-19.6
-19.6
-19.6
-19.6
-17.4
-17.4
-17.4
-17.4
-17.4
-17.4
-17.4
-17.4
-17.4
-17.4
-17.4
-17.4
-17.4
-17.4
-17.4
-17.4
-17.4
-26.700000000000003
-26.700000000000003
-26.700000000000003
-26.700000000000003
-26.700000000000003
-17.800000000000004
-19.800000000000004
-10.5
-10.5
-10.5
-6.700000000000003
-6.700000000000003
-6.700000000000003
-6.700000000000003
-6.700000000000003
-6.700000000000003
-6.700000000000003
-6.700000000000003
-6.700000000000003
-6.700000000000003
-6.700000000000003
-6.700000000000003
-6.700000000000003
-6.700000000000003
-6.700000000000003
-6.700000000000003
6.0
2.200000000000003
2.200000000000003
2.200000000000003
6.200000000000003
6.200000000000003
6.200000000000003
5.800000000000004
5.800000000000004
5.800000000000004
5.800000000000004
5.800000000000004
6.399999999999999
6.399999999999999
6.399999999999999
6.399999999999999
6.399999999999999
6.399999999999999
6.399999999999999
6.399999999999999
6.399999999999999
6.399999999999999
6.399999999999999
14.2
14.2
14.2
12.600000000000001
12.600000000000001
12.600000000000001
12.600000000000001
12.600000000000001
9.899999999999999
9.899999999999999
9.899999999999999
9.899999999999999
9.899999999999999
9.899999999999999
9.899999999999999
5.599999999999994
5.599999999999994
3.1999999999999957
-16.0
-16.0
-16.60000000000001
-16.60000000000001
-16.60000000000001
-16.60000000000001
-15.600000000000009
-15.600000000000009
-20.80000000000001
-20.80000000000001
-20.80000000000001
-20.80000000000001
-20.80000000000001
-20.80000000000001
-20.80000000000001
-20.80000000000001
-20.80000000000001
-32.2
-29.799999999999997
-29.799999999999997
-29.799999999999997
-29.799999999999997
-26.200000000000003
-26.200000000000003
-34.39999999999999
-34.39999999999999
-34.39999999999999
-34.39999999999999
-34.39999999999999
-34.39999999999999
-34.39999999999999
-34.39999999999999
-36.89999999999999
-36.89999999999999
-36.89999999999999
-41.599999999999994
-41.599999999999994
-41.599999999999994
-41.599999999999994
-41.599999999999994
-41.599999999999994
-41.599999999999994
-41.599999999999994
-41.599999999999994
-41.599999999999994
-41.599999999999994
-29.39999999999999
-26.299999999999997
-26.299999999999997
-26.299999999999997
-26.299999999999997
-26.299999999999997
-26.299999999999997
-26.299999999999997
-26.299999999999997
-26.299999999999997
-26.299999999999997
-26.299999999999997
-22.900000000000006
-22.900000000000006
-22.900000000000006
-22.900000000000006
-26.5
-26.900000000000006
-26.900000000000006
-26.900000000000006
-26.900000000000006
-26.900000000000006
-26.900000000000006
-26.900000000000006
-26.900000000000006
-26.900000000000006
-26.900000000000006
-26.900000000000006
-26.900000000000006
-26.900000000000006
-27.200000000000003
-29.0
-29.0
-29.0
-29.400000000000006
-30.400000000000006
-25.30000000000001
-25.30000000000001
-25.30000000000001
-25.30000000000001
-25.30000000000001
-25.30000000000001
-25.30000000000001
-25.30000000000001
-25.30000000000001
-25.30000000000001
-25.30000000000001
-31.500000000000014
-31.500000000000014
-31.500000000000014
-31.500000000000014
-31.500000000000014
-31.500000000000014
-31.500000000000014
-31.500000000000014
-30.60000000000001
-29.60000000000001
-29.60000000000001
-29.60000000000001
-25.0
-25.0
-25.0
-25.0
-25.0
-14.5
-14.5
-20.900000000000006
-20.900000000000006
-23.10000000000001
-23.10000000000001
-23.10000000000001
-23.10000000000001
-19.30000000000001
-19.30000000000001
-19.30000000000001
-26.80000000000001
-31.0
-31.0
-31.0
-31.0
-31.0
-31.0
-31.0
-31.0
-31.0
-31.0
-31.0
-31.0
-31.0
-31.0
-31.0
-31.0
-30.400000000000006
-30.400000000000006
-30.400000000000006
-30.400000000000006
-30.400000000000006
-30.400000000000006
-30.400000000000006
-30.400000000000006
-30.400000000000006
-30.400000000000006
-31.39999999999999
-31.39999999999999
-31.39999999999999
-31.39999999999999
-31.39999999999999
-25.200000000000003
-25.200000000000003
-25.200000000000003
-25.200000000000003
-25.200000000000003
-25.200000000000003
-25.200000000000003
-25.200000000000003
-25.200000000000003
-25.200000000000003
-25.200000000000003
-20.200000000000003
-20.200000000000003
-20.299999999999997
-20.299999999999997
-20.299999999999997
-13.299999999999997
-13.299999999999997
-15.200000000000003
-15.200000000000003
-15.200000000000003
-15.200000000000003
-15.200000000000003
-15.200000000000003
-15.200000000000003
-15.200000000000003
-15.200000000000003
-12.700000000000003
-12.700000000000003
-12.700000000000003
-12.700000000000003
-12.700000000000003
-12.700000000000003
-12.900000000000006
-12.900000000000006
-12.900000000000006
-12.900000000000006
-12.900000000000006
-12.900000000000006
-12.900000000000006
-12.900000000000006
-12.900000000000006
-12.900000000000006
-12.900000000000006
-19.900000000000006
-19.900000000000006
-19.900000000000006
-19.900000000000006
-19.900000000000006
-19.900000000000006
-19.900000000000006
-19.900000000000006
-19.900000000000006
-19.900000000000006
-16.099999999999994
-16.099999999999994
-16.099999999999994
-8.5
-8.5
-8.5
-10.0
-10.0
-10.0
-10.0
-10.0
-10.0
-10.0
-10.0
-10.0
-10.0
-10.0
-10.0
-10.0
-12.0
-12.0
-12.0
-12.0
-12.0
-12.0
-12.0
-12.0
-12.0
-12.0
-12.0
-12.0
-12.0
-12.0
-12.0
-12.0
-12.0
-12.0
-12.0
-12.0
-12.0
-12.0
-10.0
-10.0
-10.600000000000001
-10.600000000000001
-10.600000000000001
-10.600000000000001
-10.600000000000001
-10.600000000000001
-10.600000000000001
-8.200000000000003
-8.200000000000003
-8.200000000000003
-8.200000000000003
-8.200000000000003
-8.200000000000003
-8.200000000000003
-8.200000000000003
-8.200000000000003
-8.200000000000003
-8.200000000000003
-8.200000000000003
-8.200000000000003
-15.700000000000003
-15.700000000000003
-16.900000000000006
-16.900000000000006
-16.900000000000006
-16.900000000000006
-16.900000000000006
-16.900000000000006
-16.900000000000006
-16.900000000000006
-16.900000000000006
-16.900000000000006
-16.900000000000006
-16.900000000000006
-16.900000000000006
-16.900000000000006
-16.900000000000006
-16.900000000000006
-16.900000000000006
-16.900000000000006
-16.900000000000006
-16.900000000000006
-16.900000000000006
-16.900000000000006
-21.900000000000006
-21.900000000000006
-21.900000000000006
-21.900000000000006
-17.900000000000006
-8.900000000000006
-8.900000000000006
-4.700000000000003
-4.700000000000003
1.7999999999999972
1.7999999999999972
1.7999999999999972
-0.20000000000000284
-0.20000000000000284
-0.20000000000000284
-0.20000000000000284
-0.20000000000000284
-0.20000000000000284
-0.20000000000000284
-0.20000000000000284
-0.20000000000000284
-0.20000000000000284
-0.20000000000000284
-2.000000000000007
-2.000000000000007
-2.000000000000007
-2.000000000000007
-5.900000000000006
-3.3000000000000043
-3.3000000000000043
-3.3000000000000043
-3.3000000000000043
-7.899999999999999
-7.899999999999999
-7.899999999999999
-7.899999999999999
-7.899999999999999
-7.899999999999999
-7.899999999999999
-7.899999999999999
-7.899999999999999
-7.899999999999999
-7.899999999999999
-7.899999999999999
-9.699999999999996
-9.699999999999996
-9.699999999999996
-9.699999999999996
-9.699999999999996
-9.699999999999996
-9.699999999999996
-9.699999999999996
-9.699999999999996
-9.699999999999996
-9.699999999999996
-9.699999999999996
-9.699999999999996
-9.699999999999996
-9.699999999999996
-9.699999999999996
-9.699999999999996
-2.6999999999999957
-10.100000000000001
-10.100000000000001
-10.100000000000001
-10.100000000000001
-10.100000000000001
-10.100000000000001
-10.100000000000001
-17.299999999999997
-17.299999999999997
-17.900000000000006
-17.900000000000006
-17.900000000000006
-17.900000000000006
-12.0
-12.0
-12.0
-12.0
-12.0
-12.0
-12.0
-12.0
-12.0
-12.0
-12.0
-12.0
-12.0
-6.0
-6.0
-6.0
-6.0
-6.0
-6.0
-2.8999999999999986
-2.8999999999999986
-2.8999999999999986
-2.8999999999999986
-2.8999999999999986
-2.8999999999999986
-2.8999999999999986
-2.8999999999999986
-2.8999999999999986
-2.8999999999999986
10.0
10.0
10.0
10.0
8.200000000000003
8.200000000000003
8.200000000000003
8.200000000000003
8.200000000000003
8.200000000000003
8.200000000000003
8.200000000000003
10.100000000000001
7.0
7.0
7.0
4.599999999999994
7.399999999999999
7.399999999999999
12.899999999999999
11.100000000000001
11.100000000000001
11.100000000000001
11.100000000000001
11.100000000000001
11.100000000000001
11.100000000000001
11.100000000000001
11.100000000000001
11.100000000000001
11.100000000000001
11.0
11.0
12.799999999999997
14.0
14.0
11.0
11.0
11.0
11.0
11.0
11.0
11.0
11.0
11.0
11.0
11.0
11.0
11.600000000000001
11.600000000000001
11.600000000000001
11.600000000000001
11.600000000000001
11.600000000000001
11.600000000000001
11.600000000000001
11.600000000000001
11.600000000000001
11.600000000000001
11.600000000000001
11.600000000000001
11.600000000000001
11.600000000000001
11.600000000000001
2.200000000000003
2.200000000000003
2.200000000000003
2.200000000000003
2.200000000000003
2.200000000000003
2.200000000000003
2.200000000000003
2.200000000000003
2.200000000000003
2.200000000000003
2.200000000000003
2.200000000000003
2.200000000000003
5.400000000000006
5.400000000000006
5.400000000000006
5.400000000000006
5.400000000000006
5.400000000000006
5.400000000000006
5.400000000000006
5.400000000000006
5.400000000000006
5.400000000000006
0.29999999999999716
0.29999999999999716
0.29999999999999716
0.29999999999999716
0.29999999999999716
0.29999999999999716
0.29999999999999716
0.29999999999999716
0.29999999999999716
0.29999999999999716
0.29999999999999716
0.29999999999999716
-7.700000000000003
-7.700000000000003
-7.700000000000003
-7.700000000000003
-2.9000000000000057
-2.9000000000000057
-2.9000000000000057
-2.9000000000000057
-2.9000000000000057
-0.5000000000000071
-6.400000000000006
-7.000000000000007
-7.000000000000007
-7.000000000000007
-7.000000000000007
-7.000000000000007
-2.000000000000007
-2.000000000000007
-2.000000000000007
-2.000000000000007
-2.000000000000007
-2.000000000000007
-2.000000000000007
-2.000000000000007
-2.000000000000007
-2.000000000000007
-2.000000000000007
-2.000000000000007
-1.1000000000000014
-1.1000000000000014
-1.1000000000000014
-1.1000000000000014
-1.1000000000000014
-1.1000000000000014
-1.1000000000000014
-1.1000000000000014
-2.9000000000000057
-2.9000000000000057
-2.9000000000000057
-2.9000000000000057
-2.9000000000000057
-2.9000000000000057
-2.9000000000000057
-2.9000000000000057
-2.9000000000000057
-2.9000000000000057
-2.9000000000000057
-2.9000000000000057
-2.9000000000000057
-2.9000000000000057
-2.9000000000000057
-2.9000000000000057
0.7000000000000028
0.7000000000000028
0.7000000000000028
0.7000000000000028
0.7000000000000028
0.7000000000000028
