NumRep	MapSeed	InitStratSeed	BikeProfit	TransportCosts	TotalProfit	FinalHeuristic	TotalDistance	ExecutionTime
0	1808180726	371871637	39.000000	-38.100000	0.900000	-39.000000	18.100000	133.584952
0	1808180726	1213625860	-11.000000	-9.100000	-20.100000	11.000000	7.800000	9.605973
0	1808180726	1494814598	67.000000	-50.100000	16.900000	-67.000000	25.900000	49.646998
0	1808180726	1291915560	50.000000	-30.800000	19.200000	-50.000000	20.300000	19.776621
0	1808180726	2092895738	22.000000	-26.100000	-4.100000	-22.000000	15.600000	7.948895
0	1808180726	980132861	7.000000	-21.300000	-14.300000	-7.000000	14.900000	8.900093
0	1808180726	1573772820	61.000000	-57.300000	3.700000	-61.000000	30.600000	27.680583
0	1808180726	391297572	32.000000	-19.200000	12.800000	-32.000000	14.400000	18.325985
0	1808180726	1758740583	30.000000	-28.200000	1.800000	-30.000000	17.700000	18.843553
0	1808180726	391529328	7.000000	-13.000000	-6.000000	-7.000000	8.200000	8.206887
0	1808180726	416452114	55.000000	-41.300000	13.700000	-55.000000	21.600000	33.369999
0	1808180726	1557050033	62.000000	-50.500000	11.500000	-62.000000	29.600000	24.703134
0	1808180726	866446678	44.000000	-37.000000	7.000000	-44.000000	22.100000	13.739217
0	1808180726	1563220994	56.000000	-34.600000	21.400000	-56.000000	19.100000	19.833196
0	1808180726	1757593930	14.000000	-22.200000	-8.200000	-14.000000	15.700000	5.792697
0	1808180726	446583803	53.000000	-32.200000	20.800000	-53.000000	17.500000	34.495857
0	1808180726	571992114	40.000000	-38.700000	1.300000	-40.000000	21.000000	40.336565
0	1808180726	1481256537	50.000000	-28.900000	21.100000	-50.000000	18.400000	20.750633
0	1808180726	1563653717	42.000000	-32.600000	9.400000	-42.000000	14.900000	12.136080
0	1808180726	1016472687	37.000000	-32.800000	4.200000	-37.000000	20.300000	18.982465
0	1808180726	97567656	42.000000	-33.900000	8.100000	-42.000000	21.400000	33.589561
0	1808180726	1956789881	60.000000	-44.700000	15.300000	-60.000000	24.200000	17.585491
0	1808180726	1023065350	33.000000	-30.100000	2.900000	-33.000000	18.800000	6.490917
0	1808180726	363415215	39.000000	-33.100000	5.900000	-39.000000	17.800000	7.011507
0	1808180726	2127988881	41.000000	-26.700000	14.300000	-41.000000	16.200000	16.748252
0	1808180726	1180067461	60.000000	-47.900000	12.100000	-60.000000	24.200000	17.715406
0	1808180726	732017475	40.000000	-34.200000	5.800000	-40.000000	21.700000	5.757040
0	1808180726	1199861533	60.000000	-37.500000	22.500000	-60.000000	22.300000	13.367107
0	1808180726	1606497923	41.000000	-35.500000	5.500000	-41.000000	23.000000	6.951636
0	1808180726	2137092316	26.000000	-14.500000	11.500000	-26.000000	11.700000	8.197520
0	1808180726	2114046167	24.000000	-22.000000	2.000000	-24.000000	12.800000	3.539450
0	1808180726	867787340	19.000000	-19.500000	-0.500000	-19.000000	13.100000	3.628847
0	1808180726	595528777	13.000000	-10.700000	2.300000	-13.000000	10.700000	3.829267
0	1808180726	173324786	47.000000	-28.700000	18.300000	-47.000000	18.200000	9.269530
0	1808180726	1831750502	53.000000	-41.600000	11.400000	-53.000000	21.100000	8.572491
0	1808180726	352582465	42.000000	-33.300000	8.700000	-42.000000	18.000000	6.173350
0	1808180726	1424136186	45.000000	-37.300000	7.700000	-45.000000	16.400000	6.162870
0	1808180726	675240737	47.000000	-29.300000	17.700000	-47.000000	18.800000	9.268372
0	1808180726	971717514	39.000000	-33.300000	5.700000	-39.000000	18.000000	6.364250
0	1808180726	1196538451	32.000000	-20.500000	11.500000	-32.000000	15.700000	6.518535
0	1808180726	1028296468	47.000000	-28.700000	18.300000	-47.000000	18.200000	9.878775
0	1808180726	972577952	48.000000	-37.900000	10.100000	-48.000000	21.700000	10.674401
0	1808180726	2048026637	53.000000	-32.200000	20.800000	-53.000000	17.500000	13.274215
0	1808180726	290773556	23.000000	-23.800000	-0.800000	-23.000000	15.400000	3.671746
0	1808180726	685010768	56.000000	-37.500000	18.500000	-56.000000	16.600000	10.839840
0	1808180726	1260711865	69.000000	-48.700000	20.300000	-69.000000	24.500000	21.314379
0	1808180726	879219502	53.000000	-42.800000	10.200000	-53.000000	22.300000	9.405516
0	1808180726	1921773286	25.000000	-22.500000	2.500000	-25.000000	16.900000	6.163912
0	1808180726	195749432	22.000000	-20.900000	1.100000	-22.000000	12.500000	3.269133
0	1808180726	125022462	25.000000	-26.200000	-1.200000	-25.000000	17.000000	6.618326
0	511598019	214371413	56.000000	-42.800000	13.200000	-56.000000	17.500000	6.147569
0	511598019	1428226402	56.000000	-42.700000	13.300000	-56.000000	16.600000	6.173309
0	511598019	2024141455	32.000000	-11.100000	20.900000	-32.000000	7.300000	2.978671
0	511598019	1131265191	40.000000	-34.700000	5.300000	-40.000000	13.300000	3.116410
0	511598019	944993261	62.000000	-37.600000	24.400000	-62.000000	14.300000	7.097098
0	511598019	1114318747	59.000000	-42.800000	16.200000	-59.000000	16.900000	8.089033
0	511598019	1176506088	10.000000	-2.400000	7.600000	-10.000000	5.200000	0.027127
0	511598019	289059890	59.000000	-36.100000	22.900000	-59.000000	14.600000	10.787235
0	511598019	773245727	35.000000	-22.300000	12.700000	-35.000000	9.200000	2.785965
0	511598019	199677893	32.000000	-36.400000	-4.400000	-32.000000	14.200000	4.084868
0	511598019	752468548	73.000000	-49.800000	23.200000	-73.000000	21.400000	12.160297
0	511598019	1173527704	79.000000	-60.700000	18.300000	-79.000000	25.100000	10.195221
0	511598019	1929566653	1.000000	-10.800000	-9.800000	-1.000000	6.000000	0.045541
0	511598019	1426207337	42.000000	-37.800000	4.200000	-42.000000	14.100000	5.537667
0	511598019	145198463	34.000000	-35.800000	-1.800000	-34.000000	13.800000	2.647579
0	511598019	1956326956	41.000000	-38.100000	2.900000	-41.000000	15.100000	3.148184
0	511598019	1416286166	7.000000	-2.300000	4.700000	-7.000000	4.000000	0.047086
0	511598019	1475627305	64.000000	-44.500000	19.500000	-64.000000	17.800000	6.495945
0	511598019	234233714	41.000000	-38.200000	2.800000	-41.000000	14.600000	2.829022
0	511598019	1563923937	46.000000	-41.700000	4.300000	-46.000000	17.200000	5.993869
0	511598019	1289950333	10.000000	-4.200000	5.800000	-10.000000	4.600000	0.042639
0	511598019	1536636757	51.000000	-38.100000	12.900000	-51.000000	14.400000	5.734539
0	511598019	1026607279	32.000000	-36.400000	-4.400000	-32.000000	15.500000	3.154514
0	511598019	440652129	33.000000	-34.700000	-1.700000	-33.000000	13.800000	5.565681
0	511598019	359963559	44.000000	-33.200000	10.800000	-44.000000	14.800000	10.410868
0	511598019	450167256	83.000000	-58.500000	24.500000	-83.000000	24.000000	13.497438
0	511598019	657192069	47.000000	-35.800000	11.200000	-47.000000	13.000000	2.825265
0	511598019	824660801	10.000000	-6.500000	3.500000	-10.000000	7.600000	3.385598
0	511598019	1997325485	49.000000	-37.600000	11.400000	-49.000000	14.000000	5.723239
0	511598019	1647853499	29.000000	-32.200000	-3.200000	-29.000000	12.800000	4.673267
0	511598019	1275898810	26.000000	-33.400000	-7.400000	-26.000000	13.000000	3.348418
0	511598019	1648357174	50.000000	-45.300000	4.700000	-50.000000	18.000000	6.052869
0	511598019	607305776	56.000000	-46.800000	9.200000	-56.000000	19.400000	5.735169
0	511598019	1230080626	33.000000	-36.200000	-3.200000	-33.000000	14.700000	3.257903
0	511598019	877010503	13.000000	-5.600000	7.400000	-13.000000	4.600000	0.055437
0	511598019	675679818	50.000000	-44.000000	6.000000	-50.000000	18.300000	10.901166
0	511598019	2066448049	39.000000	-37.700000	1.300000	-39.000000	16.800000	5.222922
0	511598019	314750474	59.000000	-35.400000	23.600000	-59.000000	15.900000	4.687278
0	511598019	1566979825	64.000000	-36.900000	27.100000	-64.000000	14.600000	5.143830
0	511598019	770386845	32.000000	-34.400000	-2.400000	-32.000000	14.200000	2.833928
0	511598019	215295718	67.000000	-35.500000	31.500000	-67.000000	14.700000	6.326096
0	511598019	1726009719	30.000000	-33.700000	-3.700000	-30.000000	14.000000	3.247685
0	511598019	847918047	66.000000	-50.400000	15.600000	-66.000000	20.100000	6.650067
0	511598019	464754615	9.000000	-22.600000	-13.600000	-9.000000	12.600000	2.165041
0	511598019	614667128	37.000000	-34.000000	3.000000	-37.000000	12.500000	2.921551
0	511598019	1241378383	34.000000	-37.000000	-3.000000	-34.000000	15.200000	3.428349
0	511598019	175393213	50.000000	-46.000000	4.000000	-50.000000	18.600000	5.960719
0	511598019	2133624280	38.000000	-34.400000	3.600000	-38.000000	13.400000	3.334516
0	511598019	1380145589	49.000000	-33.700000	15.300000	-49.000000	14.800000	5.561179
0	511598019	1619767775	40.000000	-37.000000	3.000000	-40.000000	14.700000	4.102232
0	190533092	801070934	47.000000	-63.300000	-16.300000	-47.000000	32.500000	11.742908
0	190533092	496424879	47.000000	-47.200000	-0.200000	-47.000000	25.800000	13.881672
0	190533092	1214754100	49.000000	-57.900000	-8.900000	-49.000000	29.200000	12.794287
0	190533092	1588422894	41.000000	-45.900000	-4.900000	-41.000000	25.200000	7.465597
0	190533092	2088984659	30.000000	-34.700000	-4.700000	-30.000000	19.400000	9.383052
0	190533092	432327278	40.000000	-50.600000	-10.600000	-40.000000	26.000000	6.437991
0	190533092	130186428	33.000000	-33.700000	-0.700000	-33.000000	23.500000	10.162964
0	190533092	1293864936	38.000000	-34.300000	3.700000	-38.000000	22.500000	9.735173
0	190533092	428768238	16.000000	-29.700000	-13.700000	-16.000000	16.700000	4.631147
0	190533092	2085809194	53.000000	-55.500000	-2.500000	-53.000000	31.800000	19.095614
0	190533092	1328722133	39.000000	-46.200000	-7.200000	-39.000000	25.600000	10.674985
0	190533092	763201495	56.000000	-52.100000	3.900000	-56.000000	26.900000	9.662941
0	190533092	845580457	48.000000	-50.800000	-2.800000	-48.000000	26.000000	8.527890
0	190533092	827005685	48.000000	-47.200000	0.800000	-48.000000	23.900000	4.733133
0	190533092	228884196	47.000000	-47.200000	-0.200000	-47.000000	24.700000	10.317700
0	190533092	115551974	48.000000	-63.400000	-15.400000	-48.000000	32.600000	7.129351
0	190533092	978564085	40.000000	-47.300000	-7.300000	-40.000000	24.400000	4.968384
0	190533092	496469543	36.000000	-38.200000	-2.200000	-36.000000	21.600000	4.812510
0	190533092	435632213	33.000000	-47.900000	-14.900000	-33.000000	26.300000	5.266364
0	190533092	1627246464	47.000000	-47.200000	-0.200000	-47.000000	28.400000	8.743441
0	190533092	175456105	34.000000	-34.000000	0.000000	-34.000000	18.500000	4.941981
0	190533092	1558078828	34.000000	-40.100000	-6.100000	-34.000000	20.800000	5.761913
0	190533092	2134477711	22.000000	-32.100000	-10.100000	-22.000000	17.300000	4.444250
0	190533092	2068363850	39.000000	-48.000000	-9.000000	-39.000000	29.400000	5.717162
0	190533092	412714103	47.000000	-54.200000	-7.200000	-47.000000	28.900000	7.773577
0	190533092	1212561075	52.000000	-62.100000	-10.100000	-52.000000	31.700000	6.952646
0	190533092	1167428584	18.000000	-29.400000	-11.400000	-18.000000	21.400000	2.620469
0	190533092	103704560	19.000000	-28.700000	-9.700000	-19.000000	17.300000	2.460355
0	190533092	284835979	24.000000	-30.900000	-6.900000	-24.000000	17.900000	2.495027
0	190533092	2007729189	60.000000	-65.200000	-5.200000	-60.000000	33.000000	9.492059
0	190533092	1662878301	47.000000	-54.800000	-7.800000	-47.000000	27.600000	7.757873
0	190533092	2133615556	45.000000	-33.000000	12.000000	-45.000000	18.600000	5.258814
0	190533092	1612589484	27.000000	-32.400000	-5.400000	-27.000000	21.900000	5.144353
0	190533092	921776897	37.000000	-36.000000	1.000000	-37.000000	23.100000	5.070975
0	190533092	1422558442	18.000000	-31.300000	-13.300000	-18.000000	16.800000	2.276349
0	190533092	2066890325	39.000000	-47.900000	-8.900000	-39.000000	25.100000	4.887068
0	190533092	1094765277	28.000000	-27.100000	0.900000	-28.000000	15.700000	2.472033
0	190533092	355752312	28.000000	-12.600000	15.400000	-28.000000	8.500000	2.434896
0	190533092	958257158	37.000000	-34.000000	3.000000	-37.000000	18.600000	5.956942
0	190533092	2022999748	47.000000	-62.400000	-15.400000	-47.000000	32.800000	7.326026
0	190533092	817997656	-6.000000	-4.200000	-10.200000	6.000000	10.000000	0.014834
0	190533092	1137482971	19.000000	-25.900000	-6.900000	-19.000000	16.300000	2.520923
0	190533092	586552801	60.000000	-64.400000	-4.400000	-60.000000	32.800000	12.005272
0	190533092	1141689932	34.000000	-35.600000	-1.600000	-34.000000	19.900000	5.089897
0	190533092	825993253	34.000000	-35.600000	-1.600000	-34.000000	20.000000	5.651461
0	190533092	1864505289	-5.000000	-4.700000	-9.700000	5.000000	8.900000	0.014731
0	190533092	1011425045	23.000000	-27.400000	-4.400000	-23.000000	16.600000	2.709674
0	190533092	308261183	10.000000	-1.900000	8.100000	-10.000000	6.700000	0.018579
0	190533092	621137870	28.000000	-34.500000	-6.500000	-28.000000	19.200000	6.078136
0	190533092	327272797	47.000000	-55.300000	-8.300000	-47.000000	29.000000	8.231201
0	898880149	711059970	22.000000	-4.700000	17.300000	-22.000000	4.300000	0.013964
0	898880149	352204295	9.000000	-4.900000	4.100000	-9.000000	5.400000	0.013341
0	898880149	205097415	13.000000	-2.900000	10.100000	-13.000000	4.700000	0.024217
0	898880149	1743818309	57.000000	-36.300000	20.700000	-57.000000	15.500000	5.882520
0	898880149	1496673032	31.000000	-9.500000	21.500000	-31.000000	7.200000	3.038510
0	898880149	413158652	11.000000	-4.900000	6.100000	-11.000000	6.700000	0.048609
0	898880149	996444792	29.000000	-23.300000	5.700000	-29.000000	12.300000	4.006595
0	898880149	2095413113	15.000000	-4.700000	10.300000	-15.000000	6.100000	0.027727
0	898880149	1823965476	27.000000	-4.400000	22.600000	-27.000000	6.200000	0.087320
0	898880149	847735949	37.000000	-15.700000	21.300000	-37.000000	6.800000	5.125501
0	898880149	754014793	36.000000	-14.600000	21.400000	-36.000000	8.200000	5.964768
0	898880149	1612417576	31.000000	-16.600000	14.400000	-31.000000	8.000000	5.804683
0	898880149	372833792	23.000000	-3.900000	19.100000	-23.000000	4.600000	0.021256
0	898880149	1470015358	29.000000	-21.100000	7.900000	-29.000000	12.200000	5.020739
0	898880149	2139780545	13.000000	-5.500000	7.500000	-13.000000	4.500000	0.019529
0	898880149	877621903	31.000000	-14.800000	16.200000	-31.000000	7.800000	2.961243
0	898880149	1639541230	5.000000	-3.400000	1.600000	-5.000000	7.000000	0.010507
0	898880149	2120148747	26.000000	-18.300000	7.700000	-26.000000	9.700000	5.132919
0	898880149	707419148	0.000000	-1.500000	-1.500000	-0.000000	2.500000	0.011765
0	898880149	2112695356	0.000000	-0.800000	-0.800000	-0.000000	5.000000	0.014382
0	898880149	1543388802	54.000000	-13.000000	41.000000	-54.000000	5.300000	2.297141
0	898880149	2124173176	6.000000	-4.900000	1.100000	-6.000000	6.300000	0.013254
0	898880149	1698966908	35.000000	-17.900000	17.100000	-35.000000	8.200000	4.494534
0	898880149	854026991	3.000000	-3.500000	-0.500000	-3.000000	4.300000	0.020114
0	898880149	335489155	52.000000	-33.200000	18.800000	-52.000000	14.200000	9.202014
0	898880149	964946974	10.000000	-5.200000	4.800000	-10.000000	4.800000	0.014598
0	898880149	311022062	26.000000	-13.800000	12.200000	-26.000000	6.200000	3.235353
0	898880149	1618725598	35.000000	-14.700000	20.300000	-35.000000	7.900000	2.900068
0	898880149	1514164919	18.000000	-5.900000	12.100000	-18.000000	5.200000	0.012823
0	898880149	1955242992	39.000000	-17.700000	21.300000	-39.000000	8.000000	3.003993
0	898880149	1987618627	31.000000	-13.800000	17.200000	-31.000000	6.800000	5.334832
0	898880149	481609893	0.000000	-4.900000	-4.900000	-0.000000	4.500000	0.018332
0	898880149	2060695374	67.000000	-46.800000	20.200000	-67.000000	19.100000	7.649089
0	898880149	154039679	7.000000	-8.400000	-1.400000	-7.000000	5.700000	0.013313
0	898880149	1928705856	41.000000	-10.600000	30.400000	-41.000000	6.700000	2.605195
0	898880149	43680209	11.000000	-4.600000	6.400000	-11.000000	5.200000	0.018655
0	898880149	752515832	40.000000	-11.500000	28.500000	-40.000000	5.900000	2.589732
0	898880149	109771577	10.000000	-5.400000	4.600000	-10.000000	5.400000	0.013539
0	898880149	845313502	52.000000	-34.700000	17.300000	-52.000000	14.400000	9.467368
0	898880149	86195433	2.000000	-5.500000	-3.500000	-2.000000	5.100000	0.012197
0	898880149	343887488	4.000000	-7.200000	-3.200000	-4.000000	8.000000	0.011967
0	898880149	551696319	36.000000	-11.700000	24.300000	-36.000000	5.900000	2.214809
0	898880149	1454573372	35.000000	-10.300000	24.700000	-35.000000	6.400000	2.768084
0	898880149	1981069794	22.000000	-6.000000	16.000000	-22.000000	6.500000	0.011370
0	898880149	2055395801	31.000000	-10.500000	20.500000	-31.000000	7.700000	2.410702
0	898880149	1314564750	9.000000	-5.200000	3.800000	-9.000000	4.600000	0.011089
0	898880149	1211043553	10.000000	-2.600000	7.400000	-10.000000	4.100000	0.012141
0	898880149	858212937	12.000000	-5.000000	7.000000	-12.000000	6.300000	0.008582
0	898880149	1184050436	6.000000	-5.100000	0.900000	-6.000000	5.000000	0.020251
0	898880149	928230183	37.000000	-17.000000	20.000000	-37.000000	9.500000	3.357844
0	732300588	81506606	76.000000	-58.100000	17.900000	-76.000000	26.200000	10.487520
0	732300588	1472674841	80.000000	-60.300000	19.700000	-80.000000	26.600000	9.425901
0	732300588	735121014	76.000000	-62.400000	13.600000	-76.000000	34.900000	12.214630
0	732300588	1476400475	78.000000	-58.000000	20.000000	-78.000000	25.900000	9.513529
0	732300588	1469369347	46.000000	-36.500000	9.500000	-46.000000	17.200000	5.249229
0	732300588	146235270	27.000000	-23.700000	3.300000	-27.000000	12.000000	2.664731
0	732300588	513741431	64.000000	-62.300000	1.700000	-64.000000	26.900000	9.367225
0	732300588	1463059572	65.000000	-47.100000	17.900000	-65.000000	20.900000	7.890172
0	732300588	413532807	76.000000	-59.500000	16.500000	-76.000000	26.900000	10.469971
0	732300588	46915625	65.000000	-47.100000	17.900000	-65.000000	20.900000	7.895206
0	732300588	972001917	66.000000	-45.700000	20.300000	-66.000000	20.700000	9.510755
0	732300588	382639979	76.000000	-66.900000	9.100000	-76.000000	31.000000	9.735508
0	732300588	640122599	46.000000	-29.300000	16.700000	-46.000000	15.500000	4.834901
0	732300588	2121959568	45.000000	-25.000000	20.000000	-45.000000	10.400000	2.456694
0	732300588	2018608084	66.000000	-47.700000	18.300000	-66.000000	21.900000	8.300024
0	732300588	1749692663	50.000000	-29.700000	20.300000	-50.000000	15.500000	5.063185
0	732300588	1770073693	61.000000	-49.400000	11.600000	-61.000000	25.200000	7.918294
0	732300588	743194459	76.000000	-59.500000	16.500000	-76.000000	26.900000	9.328082
0	732300588	1208203644	42.000000	-29.000000	13.000000	-42.000000	16.400000	5.553006
0	732300588	1370521567	65.000000	-41.000000	24.000000	-65.000000	20.300000	7.693080
0	732300588	1639811240	78.000000	-58.700000	19.300000	-78.000000	26.100000	10.138681
0	732300588	1151576386	49.000000	-44.300000	4.700000	-49.000000	21.800000	6.493096
0	732300588	499380401	32.000000	-24.100000	7.900000	-32.000000	10.900000	2.903664
0	732300588	1929303553	63.000000	-47.900000	15.100000	-63.000000	22.200000	11.059775
0	732300588	332734900	48.000000	-48.900000	-0.900000	-48.000000	20.500000	7.045749
0	732300588	576574534	48.000000	-37.100000	10.900000	-48.000000	16.700000	5.695074
0	732300588	2136679685	76.000000	-58.100000	17.900000	-76.000000	26.600000	8.633277
0	732300588	1828687275	25.000000	-17.600000	7.400000	-25.000000	11.800000	2.428203
0	732300588	205783085	65.000000	-48.500000	16.500000	-65.000000	21.700000	8.334837
0	732300588	1451616474	63.000000	-47.900000	15.100000	-63.000000	21.700000	8.489115
0	732300588	1967664460	13.000000	-7.100000	5.900000	-13.000000	5.400000	0.011584
0	732300588	1113499632	67.000000	-46.300000	20.700000	-67.000000	20.800000	10.903038
0	732300588	1448722201	50.000000	-34.300000	15.700000	-50.000000	15.700000	6.306942
0	732300588	1366615149	64.000000	-47.100000	16.900000	-64.000000	20.900000	8.066065
0	732300588	2114559601	29.000000	-23.000000	6.000000	-29.000000	10.500000	2.702749
0	732300588	467856285	53.000000	-38.900000	14.100000	-53.000000	16.100000	4.391946
0	732300588	181761370	20.000000	-7.100000	12.900000	-20.000000	5.500000	0.013665
0	732300588	265706574	47.000000	-37.100000	9.900000	-47.000000	16.700000	5.368931
0	732300588	212334893	44.000000	-30.900000	13.100000	-44.000000	17.500000	5.029374
0	732300588	752126561	76.000000	-59.500000	16.500000	-76.000000	26.900000	9.958899
0	732300588	1484678716	84.000000	-64.400000	19.600000	-84.000000	31.800000	11.664759
0	732300588	808142579	46.000000	-27.000000	19.000000	-46.000000	15.700000	4.913319
0	732300588	1329667461	46.000000	-47.700000	-1.700000	-46.000000	20.600000	5.382238
0	732300588	750407825	30.000000	-23.800000	6.200000	-30.000000	10.900000	2.817364
0	732300588	780826998	63.000000	-47.800000	15.200000	-63.000000	21.600000	7.943033
0	732300588	1870909201	46.000000	-36.400000	9.600000	-46.000000	17.100000	5.417795
0	732300588	1903560489	63.000000	-47.900000	15.100000	-63.000000	22.500000	8.120936
0	732300588	2008439238	80.000000	-60.300000	19.700000	-80.000000	26.600000	9.249893
0	732300588	2042854327	43.000000	-32.700000	10.300000	-43.000000	15.100000	6.536858
0	732300588	1246309693	63.000000	-46.600000	16.400000	-63.000000	21.100000	7.458982
0	1237045712	1726697475	75.000000	-40.100000	34.900000	-75.000000	15.200000	6.410730
0	1237045712	846997175	75.000000	-28.400000	46.600000	-75.000000	10.000000	6.332535
0	1237045712	1611696781	75.000000	-40.100000	34.900000	-75.000000	14.100000	10.424677
0	1237045712	1605436672	53.000000	-31.500000	21.500000	-53.000000	12.400000	5.009446
0	1237045712	1450390032	55.000000	-34.600000	20.400000	-55.000000	14.400000	4.613298
0	1237045712	1250292057	75.000000	-43.000000	32.000000	-75.000000	15.500000	10.706709
0	1237045712	1066396337	30.000000	-16.900000	13.100000	-30.000000	9.700000	2.687888
0	1237045712	2092443990	53.000000	-30.400000	22.600000	-53.000000	10.600000	5.345745
0	1237045712	378577155	75.000000	-41.400000	33.600000	-75.000000	15.400000	7.138746
0	1237045712	1601742934	26.000000	-16.800000	9.200000	-26.000000	9.400000	2.915134
0	1237045712	1777213011	30.000000	-12.400000	17.600000	-30.000000	6.100000	2.763565
0	1237045712	2134418330	52.000000	-53.000000	-1.000000	-52.000000	22.300000	4.861938
0	1237045712	837007293	52.000000	-51.700000	0.300000	-52.000000	20.300000	5.675961
0	1237045712	1857867276	70.000000	-37.700000	32.300000	-70.000000	14.000000	7.050341
0	1237045712	717667593	75.000000	-61.700000	13.300000	-75.000000	24.100000	7.460771
0	1237045712	1946605997	77.000000	-43.300000	33.700000	-77.000000	15.800000	8.284305
0	1237045712	42690395	53.000000	-30.300000	22.700000	-53.000000	12.300000	5.251617
0	1237045712	636076819	77.000000	-35.800000	41.200000	-77.000000	13.000000	6.787250
0	1237045712	1415260162	96.000000	-51.500000	44.500000	-96.000000	17.600000	7.875279
0	1237045712	143957671	30.000000	-11.700000	18.300000	-30.000000	4.700000	2.919280
0	1237045712	71065358	55.000000	-20.400000	34.600000	-55.000000	10.000000	5.683315
0	1237045712	1260959220	53.000000	-37.600000	15.400000	-53.000000	17.500000	5.163750
0	1237045712	92902424	52.000000	-51.700000	0.300000	-52.000000	21.000000	5.145104
0	1237045712	1001056103	30.000000	-11.500000	18.500000	-30.000000	5.600000	2.484105
0	1237045712	695630353	56.000000	-41.000000	15.000000	-56.000000	17.300000	6.593332
0	1237045712	510483546	96.000000	-52.100000	43.900000	-96.000000	18.100000	10.218354
0	1237045712	1497570252	53.000000	-32.800000	20.200000	-53.000000	12.600000	4.727540
0	1237045712	1234027982	55.000000	-31.900000	23.100000	-55.000000	12.800000	5.485399
0	1237045712	908178707	55.000000	-31.900000	23.100000	-55.000000	11.700000	5.550195
0	1237045712	2104848976	78.000000	-37.100000	40.900000	-78.000000	13.500000	6.601529
0	1237045712	1029298600	23.000000	-13.600000	9.400000	-23.000000	9.700000	0.011832
0	1237045712	730574427	52.000000	-52.700000	-0.700000	-52.000000	22.200000	5.233577
0	1237045712	1107012906	53.000000	-24.000000	29.000000	-53.000000	12.500000	5.300157
0	1237045712	27263774	75.000000	-27.600000	47.400000	-75.000000	10.300000	8.906431
0	1237045712	815794998	75.000000	-34.300000	40.700000	-75.000000	11.900000	7.610218
0	1237045712	572064544	89.000000	-45.300000	43.700000	-89.000000	15.800000	8.013804
0	1237045712	157197838	105.000000	-80.900000	24.100000	-105.000000	31.600000	9.022167
0	1237045712	1070430517	70.000000	-42.100000	27.900000	-70.000000	15.100000	4.619893
0	1237045712	1316043239	57.000000	-21.300000	35.700000	-57.000000	9.800000	5.368193
0	1237045712	599320874	53.000000	-19.000000	34.000000	-53.000000	6.800000	5.443244
0	1237045712	453711948	75.000000	-31.600000	43.400000	-75.000000	11.700000	7.745798
0	1237045712	1201239777	76.000000	-29.100000	46.900000	-76.000000	11.800000	8.360431
0	1237045712	1474195092	32.000000	-13.600000	18.400000	-32.000000	7.500000	3.055756
0	1237045712	840197120	75.000000	-28.700000	46.300000	-75.000000	11.400000	7.247372
0	1237045712	1035781964	77.000000	-38.000000	39.000000	-77.000000	14.400000	7.038696
0	1237045712	2019522115	82.000000	-44.400000	37.600000	-82.000000	15.800000	9.758173
0	1237045712	1490447043	96.000000	-46.300000	49.700000	-96.000000	15.500000	9.196468
0	1237045712	29407755	96.000000	-40.400000	55.600000	-96.000000	13.600000	7.744003
0	1237045712	410279815	21.000000	-12.600000	8.400000	-21.000000	6.500000	2.894243
0	1237045712	1067135272	53.000000	-22.900000	30.100000	-53.000000	12.500000	5.081364
0	432204793	274080025	64.000000	-43.000000	21.000000	-64.000000	17.200000	7.472404
0	432204793	1014930808	42.000000	-31.500000	10.500000	-42.000000	15.900000	5.103299
0	432204793	1431687705	31.000000	-20.500000	10.500000	-31.000000	12.100000	2.486096
0	432204793	1144255701	37.000000	-11.000000	26.000000	-37.000000	6.500000	2.259638
0	432204793	932688364	46.000000	-35.100000	10.900000	-46.000000	15.500000	4.828742
0	432204793	677509856	24.000000	-17.700000	6.300000	-24.000000	12.700000	2.919372
0	432204793	275835815	59.000000	-30.600000	28.400000	-59.000000	12.400000	4.455016
0	432204793	2068979662	41.000000	-30.600000	10.400000	-41.000000	17.600000	6.089931
0	432204793	59614671	61.000000	-31.100000	29.900000	-61.000000	15.100000	7.492645
0	432204793	922478024	50.000000	-32.600000	17.400000	-50.000000	17.300000	12.004143
0	432204793	1975532053	61.000000	-33.800000	27.200000	-61.000000	16.100000	8.258911
0	432204793	653326879	41.000000	-26.400000	14.600000	-41.000000	18.400000	4.549728
0	432204793	210950438	66.000000	-41.500000	24.500000	-66.000000	22.700000	10.710809
0	432204793	775323260	43.000000	-37.000000	6.000000	-43.000000	13.300000	7.948199
0	432204793	839068149	64.000000	-27.100000	36.900000	-64.000000	13.300000	8.322334
0	432204793	1379558551	72.000000	-50.900000	21.100000	-72.000000	24.500000	11.065096
0	432204793	1433835785	62.000000	-49.300000	12.700000	-62.000000	20.700000	6.926230
0	432204793	1155521940	43.000000	-28.600000	14.400000	-43.000000	14.800000	4.810308
0	432204793	1072638323	26.000000	-27.400000	-1.400000	-26.000000	18.400000	5.205007
0	432204793	1158414157	17.000000	-17.700000	-0.700000	-17.000000	7.800000	2.358149
0	432204793	821278451	64.000000	-27.700000	36.300000	-64.000000	13.100000	6.447447
0	432204793	2135679637	35.000000	-13.400000	21.600000	-35.000000	8.200000	3.106077
0	432204793	278642735	45.000000	-32.400000	12.600000	-45.000000	15.700000	7.847684
0	432204793	1765776091	65.000000	-35.400000	29.600000	-65.000000	14.800000	9.059284
0	432204793	2027807991	53.000000	-40.300000	12.700000	-53.000000	22.100000	8.061525
0	432204793	780765682	57.000000	-16.300000	40.700000	-57.000000	8.600000	4.540998
0	432204793	633434060	31.000000	-30.300000	0.700000	-31.000000	19.500000	4.971388
0	432204793	456635122	74.000000	-39.700000	34.300000	-74.000000	16.400000	7.250732
0	432204793	1820744163	40.000000	-28.600000	11.400000	-40.000000	13.500000	6.680163
0	432204793	773114765	49.000000	-18.800000	30.200000	-49.000000	9.200000	4.532223
0	432204793	710695913	57.000000	-55.600000	1.400000	-57.000000	25.800000	7.388359
0	432204793	925430051	51.000000	-19.700000	31.300000	-51.000000	9.100000	5.079436
0	432204793	1526251070	68.000000	-32.300000	35.700000	-68.000000	13.300000	4.464517
0	432204793	806224052	71.000000	-45.300000	25.700000	-71.000000	26.100000	12.519761
0	432204793	929282649	34.000000	-38.700000	-4.700000	-34.000000	24.500000	4.299278
0	432204793	179942931	78.000000	-57.100000	20.900000	-78.000000	23.700000	9.989854
0	432204793	1355898738	77.000000	-57.700000	19.300000	-77.000000	24.300000	9.663649
0	432204793	2085424	62.000000	-49.800000	12.200000	-62.000000	20.600000	7.260922
0	432204793	392629158	75.000000	-55.900000	19.100000	-75.000000	29.000000	9.437409
0	432204793	1286646906	64.000000	-23.900000	40.100000	-64.000000	13.100000	4.742708
0	432204793	1485679933	63.000000	-28.200000	34.800000	-63.000000	11.100000	4.369237
0	432204793	559722287	62.000000	-37.400000	24.600000	-62.000000	14.100000	7.350300
0	432204793	84024141	25.000000	-14.800000	10.200000	-25.000000	8.900000	2.455285
0	432204793	1519084379	76.000000	-34.200000	41.800000	-76.000000	14.700000	6.981622
0	432204793	2002254965	40.000000	-28.500000	11.500000	-40.000000	21.000000	4.717533
0	432204793	192727823	43.000000	-25.200000	17.800000	-43.000000	14.200000	9.474364
0	432204793	221824926	14.000000	-15.300000	-1.300000	-14.000000	8.700000	2.452488
0	432204793	1039527892	59.000000	-28.600000	30.400000	-59.000000	13.900000	7.968393
0	432204793	1869583632	57.000000	-28.000000	29.000000	-57.000000	10.500000	5.405874
0	432204793	268804951	18.000000	-17.900000	0.100000	-18.000000	21.300000	5.348867
0	1877709292	1648138200	7.000000	-1.800000	5.200000	-7.000000	7.700000	0.016210
0	1877709292	1953367245	71.000000	-59.000000	12.000000	-71.000000	23.900000	10.294366
0	1877709292	402919125	43.000000	-33.900000	9.100000	-43.000000	12.400000	4.372114
0	1877709292	230029322	36.000000	-36.300000	-0.300000	-36.000000	19.200000	4.672722
0	1877709292	1810924564	45.000000	-36.600000	8.400000	-45.000000	15.200000	9.069246
0	1877709292	1691008073	31.000000	-31.800000	-0.800000	-31.000000	12.900000	2.542466
0	1877709292	1998705401	49.000000	-25.400000	23.600000	-49.000000	12.200000	4.559415
0	1877709292	732402396	10.000000	-4.300000	5.700000	-10.000000	8.500000	0.013145
0	1877709292	1394113177	73.000000	-52.900000	20.100000	-73.000000	21.800000	8.047984
0	1877709292	1193145139	71.000000	-32.900000	38.100000	-71.000000	13.900000	11.982386
0	1877709292	16761482	32.000000	-20.000000	12.000000	-32.000000	13.600000	2.530927
0	1877709292	308870977	65.000000	-48.000000	17.000000	-65.000000	21.300000	6.923643
0	1877709292	845586559	51.000000	-19.200000	31.800000	-51.000000	8.200000	2.517436
0	1877709292	952357996	34.000000	-16.600000	17.400000	-34.000000	7.800000	4.380647
0	1877709292	1641898992	75.000000	-40.600000	34.400000	-75.000000	18.200000	6.332096
0	1877709292	1333628704	12.000000	-6.700000	5.300000	-12.000000	8.800000	0.015676
0	1877709292	873219343	53.000000	-36.000000	17.000000	-53.000000	17.600000	16.491007
0	1877709292	782299674	59.000000	-35.900000	23.100000	-59.000000	17.900000	11.178212
0	1877709292	1941380920	52.000000	-35.200000	16.800000	-52.000000	16.100000	4.380059
0	1877709292	611500163	52.000000	-33.200000	18.800000	-52.000000	13.400000	4.947742
0	1877709292	518304438	59.000000	-23.200000	35.800000	-59.000000	10.000000	4.959226
0	1877709292	1609105928	54.000000	-35.600000	18.400000	-54.000000	17.400000	4.937510
0	1877709292	1696855136	60.000000	-37.200000	22.800000	-60.000000	14.500000	5.319941
0	1877709292	2028895764	39.000000	-30.500000	8.500000	-39.000000	13.300000	6.007890
0	1877709292	1154484893	37.000000	-19.700000	17.300000	-37.000000	10.500000	5.123457
0	1877709292	1843978847	27.000000	-27.200000	-0.200000	-27.000000	13.200000	2.864188
0	1877709292	123451909	83.000000	-40.800000	42.200000	-83.000000	18.200000	11.838663
0	1877709292	1907173330	48.000000	-20.200000	27.800000	-48.000000	10.500000	4.332232
0	1877709292	1966548446	63.000000	-53.800000	9.200000	-63.000000	23.700000	7.255762
0	1877709292	1525998855	41.000000	-13.700000	27.300000	-41.000000	10.700000	4.099181
0	1877709292	2096030388	67.000000	-36.800000	30.200000	-67.000000	14.200000	8.310112
0	1877709292	530604819	44.000000	-33.300000	10.700000	-44.000000	16.100000	4.683773
0	1877709292	483491990	52.000000	-19.000000	33.000000	-52.000000	9.000000	4.474208
0	1877709292	633103521	63.000000	-35.600000	27.400000	-63.000000	16.500000	6.530500
0	1877709292	1255722052	63.000000	-52.400000	10.600000	-63.000000	25.500000	7.599902
0	1877709292	260027046	54.000000	-36.400000	17.600000	-54.000000	16.800000	7.894614
0	1877709292	1709583258	61.000000	-37.000000	24.000000	-61.000000	14.600000	4.737980
0	1877709292	1701027923	27.000000	-14.500000	12.500000	-27.000000	11.000000	2.258803
0	1877709292	2041943346	63.000000	-40.400000	22.600000	-63.000000	16.100000	6.964501
0	1877709292	1530648386	22.000000	-4.500000	17.500000	-22.000000	4.500000	0.008844
0	1877709292	2053162701	57.000000	-27.500000	29.500000	-57.000000	11.200000	3.807027
0	1877709292	233103396	34.000000	-15.200000	18.800000	-34.000000	11.400000	2.242203
0	1877709292	84179808	49.000000	-38.600000	10.400000	-49.000000	16.200000	5.220600
0	1877709292	1004926853	34.000000	-37.200000	-3.200000	-34.000000	14.800000	4.604693
0	1877709292	2066973589	78.000000	-58.000000	20.000000	-78.000000	23.900000	9.466224
0	1877709292	324657603	26.000000	-15.500000	10.500000	-26.000000	11.900000	2.800457
0	1877709292	1249886806	69.000000	-34.200000	34.800000	-69.000000	15.800000	6.831671
0	1877709292	2075889854	60.000000	-39.400000	20.600000	-60.000000	16.000000	4.466479
0	1877709292	1453272824	56.000000	-42.100000	13.900000	-56.000000	19.800000	7.053003
0	1877709292	1978567619	64.000000	-47.300000	16.700000	-64.000000	20.500000	7.352048
0	62071021	220737060	6.000000	-19.400000	-13.400000	-6.000000	8.900000	2.248545
0	62071021	1629111262	59.000000	-32.000000	27.000000	-59.000000	14.200000	4.525494
0	62071021	1465772729	36.000000	-22.300000	13.700000	-36.000000	10.300000	2.440122
0	62071021	270121099	64.000000	-47.300000	16.700000	-64.000000	18.100000	4.463028
0	62071021	1957554806	26.000000	-15.100000	10.900000	-26.000000	7.500000	2.748189
0	62071021	1924138233	38.000000	-23.000000	15.000000	-38.000000	10.800000	2.708875
0	62071021	368735503	71.000000	-70.100000	0.900000	-71.000000	25.500000	8.007661
0	62071021	1982632601	44.000000	-15.000000	29.000000	-44.000000	7.400000	2.295478
0	62071021	549828364	48.000000	-15.700000	32.300000	-48.000000	7.100000	2.537157
0	62071021	1288740837	41.000000	-18.800000	22.200000	-41.000000	8.900000	2.391702
0	62071021	140678978	32.000000	-18.900000	13.100000	-32.000000	7.700000	2.398249
0	62071021	99264212	42.000000	-23.400000	18.600000	-42.000000	10.700000	2.251114
0	62071021	1005087978	32.000000	-16.500000	15.500000	-32.000000	7.900000	3.472904
0	62071021	850089685	66.000000	-33.700000	32.300000	-66.000000	13.900000	5.601207
0	62071021	1478658250	35.000000	-20.200000	14.800000	-35.000000	8.600000	2.166614
0	62071021	1870883331	47.000000	-38.800000	8.200000	-47.000000	14.200000	4.836356
0	62071021	2047976521	66.000000	-35.900000	30.100000	-66.000000	14.100000	4.333866
0	62071021	1749791332	-21.000000	-6.200000	-27.200000	21.000000	5.100000	0.010030
0	62071021	547645210	32.000000	-14.700000	17.300000	-32.000000	7.100000	2.254196
0	62071021	1827464168	54.000000	-42.300000	11.700000	-54.000000	15.600000	4.680730
0	62071021	1546474891	20.000000	-7.300000	12.700000	-20.000000	5.900000	0.010438
0	62071021	986889404	66.000000	-36.200000	29.800000	-66.000000	14.400000	4.829568
0	62071021	1659869956	7.000000	-4.000000	3.000000	-7.000000	4.200000	0.010801
0	62071021	1296977243	34.000000	-17.100000	16.900000	-34.000000	7.700000	2.572130
0	62071021	1627472068	25.000000	-16.900000	8.100000	-25.000000	8.900000	2.757723
0	62071021	1178944314	59.000000	-36.400000	22.600000	-59.000000	13.600000	4.962906
0	62071021	232293479	36.000000	-20.900000	15.100000	-36.000000	9.800000	2.155137
0	62071021	1162360536	33.000000	-17.300000	15.700000	-33.000000	7.900000	2.814884
0	62071021	474160843	27.000000	-4.300000	22.700000	-27.000000	4.000000	0.010773
0	62071021	1669865677	49.000000	-38.400000	10.600000	-49.000000	14.800000	5.066337
0	62071021	1298230985	28.000000	-17.500000	10.500000	-28.000000	8.100000	2.768165
0	62071021	1598240401	53.000000	-16.300000	36.700000	-53.000000	6.600000	4.543854
0	62071021	833394887	92.000000	-75.900000	16.100000	-92.000000	26.100000	9.997251
0	62071021	54759591	16.000000	-3.300000	12.700000	-16.000000	4.300000	0.009522
0	62071021	187551032	52.000000	-40.100000	11.900000	-52.000000	15.700000	5.506357
0	62071021	1124998835	62.000000	-40.400000	21.600000	-62.000000	14.800000	5.274297
0	62071021	989726870	54.000000	-40.500000	13.500000	-54.000000	15.700000	4.973870
0	62071021	948340662	32.000000	-17.200000	14.800000	-32.000000	7.400000	2.610462
0	62071021	84459120	50.000000	-40.300000	9.700000	-50.000000	15.700000	4.990936
0	62071021	1278524344	75.000000	-30.900000	44.100000	-75.000000	11.700000	4.523810
0	62071021	755040587	58.000000	-40.400000	17.600000	-58.000000	14.800000	4.875790
0	62071021	1478694732	52.000000	-37.700000	14.300000	-52.000000	14.500000	5.242493
0	62071021	497015271	-19.000000	-6.300000	-25.300000	19.000000	5.900000	0.010800
0	62071021	177740451	52.000000	-36.700000	15.300000	-52.000000	14.700000	5.955197
0	62071021	1622908804	41.000000	-16.100000	24.900000	-41.000000	7.500000	2.113809
0	62071021	1474090941	56.000000	-39.500000	16.500000	-56.000000	14.500000	4.874979
0	62071021	246629206	25.000000	-17.600000	7.400000	-25.000000	7.800000	2.604355
0	62071021	1357993806	66.000000	-38.300000	27.700000	-66.000000	15.800000	6.237490
0	62071021	2066063588	50.000000	-40.100000	9.900000	-50.000000	15.100000	5.689917
0	62071021	44194228	39.000000	-17.300000	21.700000	-39.000000	8.100000	2.326594
0	1796998819	1627910714	53.000000	-26.700000	26.300000	-53.000000	16.000000	5.765021
0	1796998819	114312586	66.000000	-47.500000	18.500000	-66.000000	23.200000	8.093721
0	1796998819	623550836	66.000000	-47.500000	18.500000	-66.000000	22.700000	8.435759
0	1796998819	1781120425	29.000000	-12.400000	16.600000	-29.000000	10.600000	2.766447
0	1796998819	361017237	66.000000	-49.300000	16.700000	-66.000000	22.400000	9.716368
0	1796998819	806483755	76.000000	-55.400000	20.600000	-76.000000	28.000000	10.617631
0	1796998819	141535385	53.000000	-27.100000	25.900000	-53.000000	13.200000	5.402434
0	1796998819	1157134982	66.000000	-47.500000	18.500000	-66.000000	23.200000	7.824799
0	1796998819	493485259	26.000000	-16.300000	9.700000	-26.000000	8.900000	2.468633
0	1796998819	895924731	66.000000	-47.500000	18.500000	-66.000000	22.300000	8.082156
0	1796998819	1704912868	66.000000	-51.100000	14.900000	-66.000000	24.500000	8.613997
0	1796998819	25165135	68.000000	-29.600000	38.400000	-68.000000	12.300000	7.302230
0	1796998819	1968889636	76.000000	-58.000000	18.000000	-76.000000	29.800000	9.730791
0	1796998819	1121346697	66.000000	-50.100000	15.900000	-66.000000	25.100000	7.549397
0	1796998819	2033773211	49.000000	-17.900000	31.100000	-49.000000	7.400000	2.148546
0	1796998819	1581068183	76.000000	-45.600000	30.400000	-76.000000	20.400000	9.848186
0	1796998819	1190750698	78.000000	-55.700000	22.300000	-78.000000	27.500000	9.539627
0	1796998819	408002702	72.000000	-36.000000	36.000000	-72.000000	18.800000	7.217391
0	1796998819	2033772491	6.000000	-1.800000	4.200000	-6.000000	3.400000	0.011626
0	1796998819	745990399	72.000000	-35.300000	36.700000	-72.000000	20.100000	7.255415
0	1796998819	918928569	66.000000	-48.400000	17.600000	-66.000000	21.000000	7.229910
0	1796998819	135705286	29.000000	-15.500000	13.500000	-29.000000	10.500000	2.827019
0	1796998819	1950180587	76.000000	-55.400000	20.600000	-76.000000	29.400000	11.046900
0	1796998819	1178532615	76.000000	-55.400000	20.600000	-76.000000	29.800000	9.909808
0	1796998819	1829144930	10.000000	-2.400000	7.600000	-10.000000	3.700000	0.011859
0	1796998819	189729544	54.000000	-27.900000	26.100000	-54.000000	12.700000	5.047404
0	1796998819	97181738	71.000000	-36.000000	35.000000	-71.000000	18.300000	6.702186
0	1796998819	1886422583	40.000000	-14.300000	25.700000	-40.000000	11.600000	2.457992
0	1796998819	1315185422	53.000000	-26.700000	26.300000	-53.000000	16.900000	5.774659
0	1796998819	1614191815	59.000000	-41.900000	17.100000	-59.000000	20.900000	6.476786
0	1796998819	1440842380	56.000000	-30.300000	25.700000	-56.000000	12.500000	4.890475
0	1796998819	1611437431	48.000000	-32.300000	15.700000	-48.000000	17.600000	4.859611
0	1796998819	1694438238	53.000000	-29.300000	23.700000	-53.000000	15.500000	5.492727
0	1796998819	1581121409	30.000000	-12.700000	17.300000	-30.000000	10.900000	2.997738
0	1796998819	138336801	48.000000	-32.800000	15.200000	-48.000000	15.700000	5.086708
0	1796998819	1165361742	76.000000	-55.400000	20.600000	-76.000000	29.400000	11.911843
0	1796998819	1793800459	66.000000	-50.100000	15.900000	-66.000000	23.200000	7.616816
0	1796998819	1773688483	66.000000	-50.100000	15.900000	-66.000000	22.700000	7.532128
0	1796998819	298097831	31.000000	-12.500000	18.500000	-31.000000	11.100000	2.668485
0	1796998819	791519781	71.000000	-50.100000	20.900000	-71.000000	21.400000	7.253406
0	1796998819	991457086	68.000000	-47.800000	20.200000	-68.000000	22.200000	9.171610
0	1796998819	835060218	66.000000	-50.100000	15.900000	-66.000000	25.100000	7.332203
0	1796998819	1620930875	66.000000	-47.500000	18.500000	-66.000000	23.200000	7.882773
0	1796998819	1221572938	30.000000	-15.600000	14.400000	-30.000000	9.800000	2.547536
0	1796998819	634501603	55.000000	-27.900000	27.100000	-55.000000	11.400000	5.022291
0	1796998819	676140439	58.000000	-29.800000	28.200000	-58.000000	13.700000	5.490908
0	1796998819	1574486707	6.000000	-5.900000	0.100000	-6.000000	7.500000	0.009511
0	1796998819	1915992080	66.000000	-50.100000	15.900000	-66.000000	25.100000	9.634688
0	1796998819	1109130624	66.000000	-48.400000	17.600000	-66.000000	23.400000	8.258001
0	1796998819	1827707570	63.000000	-29.400000	33.600000	-63.000000	13.500000	4.823562
